 
Sun
2.95912208285591102582E-4
-2.8369446340813151639e-007
 4.5144118714356666407e-003
 5.1811944086463255444e-006
 7.2282841152065867346e-004
 2.2306588340621263489e-006
 2.4659100492567986271e-004
 
Moon
1.09318924524284471369E-11
 0.017424752
 0.107382296
 0.001388166		
-0.929072439
 0.000589059		
-0.403163268		
 
Uranus
1.28881623813803488851E-8
 1.7108310564806817248e-004
-1.8278236586353147533e+001
-3.7646704682815900043e-003
-9.5764572881482056433e-001
-1.6519678610257000136e-003
-1.6132190397271035415e-001
 
