1.5 188
2.5 144
3.5 143
4.5 123
5.5 124
6.5 108
7.5 94
8.5 98
9.5 95
10.5 88
11.5 102
12.5 77
13.5 83
14.5 68
15.5 69
16.5 65
17.5 82
18.5 67
19.5 76
20.5 67
21.5 86
22.5 57
23.5 75
24.5 61
25.5 62
26.5 58
27.5 60
28.5 74
29.5 57
30.5 73
31.5 57
32.5 53
33.5 67
34.5 55
35.5 65
36.5 62
37.5 51
38.5 50
39.5 48
40.5 49
41.5 41
42.5 49
43.5 48
44.5 47
45.5 37
46.5 58
47.5 43
48.5 43
49.5 36
50.5 36
51.5 30
52.5 51
53.5 45
54.5 43
55.5 42
56.5 33
57.5 36
58.5 34
59.5 23
60.5 31
61.5 30
62.5 36
63.5 48
64.5 34
65.5 23
66.5 34
67.5 46
68.5 30
69.5 36
70.5 32
71.5 30
72.5 31
73.5 32
74.5 32
75.5 37
76.5 35
77.5 32
78.5 38
79.5 33
80.5 28
81.5 36
82.5 38
83.5 35
84.5 25
85.5 31
86.5 25
87.5 25
88.5 21
89.5 33
90.5 29
91.5 20
92.5 34
93.5 28
94.5 26
95.5 25
96.5 28
97.5 24
98.5 33
99.5 25
