25.6538
2.77017
3.69863
12.4423
3.31541
5.22715
13.0325
7.76675
5.68015
7.71104
7.97343
6.7832
3.9432
8.62813
5.50935
2.8171
5.15201
4.5124
3.2388
3.17325
1.33549
4.07549
3.02382
12.2664
6.02793
10.596
6.85531
5.33686
5.85723
2.92891
3.80182
2.37124
1.80074
6.67577
7.53019
6.56583
7.39195
2.19993
7.22281
2.28042
2.47948
5.36763
3.13111
3.74536
2.031
2.46941
5.74264
2.02182
3.76933
10.411
3.28069
4.8119
2.58124
4.57311
7.08505
2.83437
4.88088
1.57066
3.91111
5.39841
2.92992
5.43811
7.72167
4.31588
2.75264
5.03061
6.4747
6.98328
7.21067
5.17587
2.10397
4.11386
2.15621
4.84795
5.14522
4.71574
8.21944
6.44344
15.0906
4.34892
9.07893
2.58188
7.76392
9.05948
4.50333
6.41786
4.17283
1.58246
6.33305
5.91635
5.33916
7.51054
2.61441
1.52676
3.90735
2.41039
3.39464
4.42816
4.87555
6.20887
6.64
4.81789
5.81672
7.42696
6.61785
7.07218
2.16574
2.42224
1.72719
8.88882
2.44601
3.944
2.91503
2.59426
6.84342
7.06574
2.9988
4.84642
13.5156
9.83361
2.49417
5.22291
4.38038
10.6584
2.89956
7.00522
6.42669
15.5564
4.88007
8.6335
18.4719
5.69295
3.49906
6.58381
5.99197
3.52021
3.0035
4.91827
2.655
19.589
2.4115
6.71041
1.29003
4.49488
9.02661
3.70752
6.30602
3.35168
4.65183
6.98447
9.38861
6.68722
2.01172
2.40293
5.18113
8.22438
5.12391
12.2479
15.1395
4.083
3.09108
4.14428
6.73086
7.03916
6.30351
2.20341
8.05994
7.65582
3.38759
3.55363
13.2571
4.74733
4.09411
0.235756
9.84895
0.609113
2.79457
0.92847
6.27084
7.58601
6.34023
13.6161
5.32462
5.59446
5.04235
7.38192
6.02818
7.03963
12.8145
1.21086
3.67998
9.86454
3.82261
3.97214
3.8346
12.1414
9.40852
7.88495
5.66489
4.63413