0.572157
0.569241
0.566864
0.566939
0.590098
0.572627
0.566263
0.570384
0.572305
0.570258
0.569505
0.572801
0.57328
0.584085
0.581681
0.569121
0.573273
0.579603
0.566164
0.570288
0.591423
0.567551
0.575543
0.569098
0.572801
0.56475
0.562592
0.570589
0.572082
0.56199
0.569804
0.566119
0.58478
0.562145
0.568329
0.570094
0.569247
0.570893
0.567675
0.56958
0.566102
0.573262
0.564953
0.569118
0.564127
0.568125
0.577014
0.568976
0.573644
0.577202
0.565977
0.566648
0.571939
0.577883
0.567563
0.576842
0.567528
0.571337
0.570677
0.569694
0.562641
0.571625
0.567873
0.574921
0.569669
0.573971
0.567448
0.56758
0.570451
0.575393
0.568334
0.580938
0.56675
0.585579
0.575247
0.57489
0.563295
0.566191
0.569125
0.569541
0.564592
0.567301
0.570101
0.570309
0.569357
0.573921
0.573288
0.571975
0.564645
0.570187
0.573358
0.582644
0.567359
0.57107
0.565625
0.568803
0.568274
0.569699
0.573696
0.567955
0.566373
0.564146
0.563071
0.568793
0.574432
0.570956
0.570491
0.567027
0.575825
0.565405
0.572526
0.562744
0.565514
0.567454
0.55775
0.568227
0.564864
0.566894
0.575807
0.567118
0.567375
0.569533
0.572851
0.572311
0.567666
0.577634
0.56507
0.565523
0.575906
0.571718
0.570436
0.573592
0.574874
0.561167
0.561383
0.572493
0.585558
0.571358
0.56723
0.573313
0.576889
0.572145
0.571096
0.570394
0.566587
0.566325
0.567009
0.569407
0.567408
0.567519
0.571308
0.570967
0.569184
0.573107
0.566937
0.573315
0.562179
0.570204
0.573388
0.56577
0.565128
0.569108
0.568676
0.570191
0.575236
0.572457
0.571032
0.566759
0.56847
0.571667
0.586256
0.56495
0.563867
0.567853
0.571417
0.56581
0.569652
0.573001
0.569668
0.577972
0.563955
0.570713
0.568985
0.563736
0.579579
0.566748
0.572197
0.574699
0.56513
0.571019
0.575415
0.565039
0.570302
0.569152
0.571588
0.562398
0.578269
0.574225
0.567423
0.568671
0.563952
0.572915
0.567996
0.564866
0.572791
0.575168
0.569094
0.56835
0.572531
0.56929
0.573287
0.574612
0.566914
0.568725
0.568752
0.571177
0.565503
0.580495
0.572048
0.564964
0.564167
0.561606
0.571325
0.56522
0.574678
0.570873
0.563697
0.568179
0.565269
0.57393
0.56365
0.57272
0.562121
0.577079
0.565632
0.567123
0.572859
0.575376
0.570423
0.574296
0.568595
0.567799
0.56534
0.561535
0.567659
0.571718
0.566929
0.566657
0.581579
0.562674
0.583609
0.562994
0.565042
0.574565
0.56477
0.57029
0.567854
0.571922
0.572112
0.574709
0.569892
0.565099
0.57434
0.565461
0.571291
0.56724
0.56542
0.56823
0.567857
0.570692
0.567894
0.571302
0.566129
0.565689
0.562729
0.568838
0.568479
0.56486
0.584676
0.56276
0.564642
0.566319
0.571222
0.565799
0.565763
0.569744
0.572544
0.557103
0.572022
0.567827
0.572449
0.566618
0.56726
0.563114
0.568896
0.570959
0.564462
0.569028
0.565841
0.57444
0.571676
0.562875
0.582731
0.576027
0.565764
0.57406
0.569103
0.57129
0.567156
0.568191
0.57144
0.571113
0.568613
0.578209
0.5664
0.57395
0.566916
0.573
0.568215
0.569511
0.572988
0.564263
0.562549
0.569766
0.576687
0.571776
0.571324
0.570774
0.570236
0.570553
0.565895
0.560906
0.571532
0.571738
0.564292
0.570059
0.575145
0.572172
0.560305
0.570486
0.566959
0.568168
0.56534
0.570191
0.568303
0.567411
0.561947
0.573849
0.565206
0.562199
0.570412
0.570683
0.559822
0.570789
0.577706
0.565764
0.566253
0.571801
0.565651
0.574855
0.567113
0.572207
0.567589
0.569914
0.565196
0.569243
0.567732
0.56384
0.572477
0.56301
0.576411
0.567705
0.576635
0.568467
0.57473
0.570915
0.571754
0.567044
0.570769
0.565495
0.573765
0.576577
0.567473
0.567765
0.569422
0.568043
0.567387
0.580511
0.563685
0.561071
0.573273
0.570734
0.566797
0.573149
0.570945
0.565974
0.567738
0.568715
0.561419
0.581283
0.572661
0.566232
0.569335
0.568042
0.571896
0.568608
0.567028
0.571806
0.566939
0.563199
0.564585
0.565439
0.569567
0.571976
0.563025
0.573401
0.56883
0.567754
0.577701
0.577757
0.568637
0.5682
0.568792
0.568974
0.569902
0.572417
0.570166
0.564786
0.563845
0.571926
0.567389
0.569146
0.568057
0.573
0.572529
0.57054
0.57572
0.561299
0.572224
0.563879
0.573448
0.566355
0.572346
0.569628
0.56905
0.569188
0.560105
0.570429
0.567385
0.566515
0.567087
0.56756
0.562104
0.572444
0.575554
0.572041
0.568861
0.561531
0.56895
0.566751
0.569624
0.570204
0.570884
0.56892
0.568619
0.564709
0.576441
0.565659
0.579333
0.56919
0.566608
0.569415
0.561051
0.567054
0.564091
0.566979
0.566752
0.569077
0.574577
0.562558
0.583467
0.567355
0.567462
0.572867
0.564471
0.571988
0.574025
0.58162
0.574774
0.565908
0.573435
0.568878
0.566521
0.569964
0.572621
0.578029
0.569656
0.585601
0.569985
0.580031