0.999699
-0.589248
-0.272408
0.936931
-0.406216
0.203216
0.949442
0.662085
0.31369
0.655518
0.685418
0.526519
-0.1879
0.749599
0.273748
-0.574205
0.183459
-0.00126775
-0.432754
-0.455319
-0.927984
-0.143035
-0.506079
0.932661
0.388895
0.875724
0.538001
0.231318
0.352986
-0.537707
-0.236557
-0.708981
-0.848002
0.508911
0.63335
0.490249
0.615495
-0.75511
0.592518
-0.733873
-0.678086
0.239045
-0.469735
-0.256144
-0.797019
-0.681015
0.3278
-0.799189
-0.24782
0.867137
-0.418266
0.0888808
-0.647905
0.0175042
0.572843
-0.568626
0.108745
-0.891484
-0.198886
0.246704
-0.537371
0.256483
0.656781
-0.0636635
-0.594824
0.15067
0.474272
0.557729
0.590819
0.189776
-0.779369
-0.130168
-0.766309
0.0993028
0.181656
0.0606181
0.711187
0.468683
0.976978
-0.0530071
0.786303
-0.647712
0.661754
0.784832
-0.0040941
0.464068
-0.11053
-0.88944
0.448498
0.365637
0.231897
0.630862
-0.637843
-0.89891
-0.200178
-0.697956
-0.378631
-0.0277179
0.10722
0.424928
0.502911
0.0906176
0.344182
0.620094
0.49916
0.570959
-0.763888
-0.694584
-0.862726
0.771498
-0.687777
-0.187628
-0.542283
-0.643969
0.536127
0.570012
-0.51447
0.0988625
0.957877
0.836534
-0.673796
0.20211
-0.0429203
0.878501
-0.547371
0.561029
0.465666
0.980794
0.108511
0.75007
0.993972
0.316604
-0.342144
0.493346
0.381488
-0.334745
-0.512894
0.119368
-0.62539
0.996172
-0.69764
0.514655
-0.934107
-0.0067302
0.782323
-0.269311
0.443447
-0.393605
0.0414739
0.557909
0.808478
0.510816
-0.801565
-0.700069
0.191165
0.711683
0.175966
0.932196
0.977411
-0.140513
-0.483363
-0.120017
0.518017
0.566089
0.442974
-0.754208
0.69472
0.648889
-0.381092
-0.323055
0.953547
0.0699755
-0.136782
-0.999418
0.837428
-0.991224
-0.58145
-0.972229
0.436805
0.640335
0.449833
0.959452
0.228226
0.293906
0.15389
0.614167
0.388946
0.566159
0.945126
-0.944051
-0.278908
0.838332
-0.229363
-0.178024
-0.225223
0.92946
0.809826
0.675624
0.310204
0.0361225
-0.457501
-0.814825
-0.253503
-0.953314
-0.380804
-0.019314
0.139468
-0.0445216
0.107353
-0.707711
0.751045
-0.583983
-0.272635
-0.563267
0.922962
0.563166
-0.666407
-0.345153
0.0153122
-0.0558687
0.6348
-0.284808
0.583454
0.234876
-0.706387
-0.620005
0.563966
0.626021
0.976041
0.588567
0.346533
0.562953
0.946864
0.422083
0.700873
0.895172
0.527055
0.546902
0.385683
0.944053
-0.589212
-0.139266
0.942575
-0.729088
0.459438
0.948642
0.982671
-0.828428
0.238897
0.562791
0.339155
0.401832
0.58034
0.156118
0.378426
-0.823016
0.492188
-0.011935
-0.434635
-0.994786
0.225273
-0.513632
-0.94738
0.882476
0.653513
0.11689
0.057125
0.686774
0.101981
-0.514521
0.383707
-0.669054
-0.182381
0.20725
0.926972
0.920616
-0.821078
0.447388
0.263934
0.468775
-0.674412
0.503988
-0.665221
0.516981
-0.317736
-0.0259532
0.407663
0.544817
0.341079
-0.953976
-0.532211
0.989671
0.377359
0.491327
0.416055
0.264926
-0.150119
0.00904514
0.857225
0.70238
0.423637
-0.941482
-0.971193
0.591225
-0.315693
0.65059
0.999968
0.670318
0.203178
0.776518
0.465497
0.881103
-0.863947
0.654193
-0.0392981
-0.912322
0.709244
0.795239
-0.114503
-0.800399
-0.430217
-0.616902
0.0193189
0.297289
0.759852
-0.902636
-0.707731
0.380157
0.788425
-0.4781
-0.387489
0.996412
-0.335089
0.867694
0.808118
-0.210857
-0.920664
0.603811
-0.507501
0.25235
-0.949102
0.549782
0.762444
0.753653
0.196033
0.308798
0.715983
-0.137301
0.592505
0.075499
0.778643
0.934987
0.342045
0.610201
-0.0341101
0.509271
-0.890659
-0.608957
0.859027
0.627412
0.95451
0.0854398
-0.670777
0.105463
0.165805
0.0397879
-0.286473
-0.283062
0.945976
0.749535
0.962746
0.999677
0.936881
-0.361512
-0.984294
0.11732
0.551934
0.226961
-0.950383
0.787605
-0.731976
-0.771589
0.865307
0.119985
0.886698
0.340523
0.684664
0.765217
0.299938
-0.867341
-0.870185
0.876855
-0.631622
0.198372
-0.837042
-0.27618
0.919256
0.249002
0.360266
0.744389
0.505133
-0.204156
-0.88542
-0.352512
0.615489
0.546934
0.434727
-0.628018
0.736638
0.537528
0.818115
0.758211
-0.827407
-0.833307
0.865644
0.682608
-0.829501
0.815157
0.708021
0.569538
-0.398534
0.153821
0.923695
0.536981
0.149753
0.862227
0.379107
-0.928386
0.696334
-0.113528
0.441536
-0.443729
0.501532
0.373121
0.746648
0.955317
0.0206879
0.995973
0.664552
0.125368
0.00681831
-0.693392
0.299248
0.789817
0.900308
0.779149
0.11992
-0.312698
0.536077
0.695609
0.538668
0.242196
0.79224
0.46485
0.145148
0.342314
-0.0640842
0.522628
0.899509
-0.289442
-0.699068
0.959945
0.589616
0.114735
0.478345
-0.0579996
-0.388892
-0.226957
0.609946
-0.886235
0.21884
-0.801891
-0.696976
0.991928
-0.0900255
0.692675
0.883127
0.00757468
0.767421
-0.104955
-0.315163
-0.0600269
0.674089
0.403278
0.212436
0.550994
-0.1561
0.817638
0.788451
-0.59806
-0.17084
0.940562
-0.765891
-0.407905
0.826526
-0.0790152
0.982199
-0.92402
0.783335
0.26805
0.212409
0.957296
0.952655
0.564565
0.826766
0.14146
-0.145892
-0.857382
0.133706
-0.444231
-0.113212
0.332775
-0.182891
0.86888
0.213726
-0.340636
0.963332
0.891429
-0.419329
-0.157268
-0.261844
-0.64321
-0.755868
-0.510923
-0.206297
0.840819
-0.00399014
0.727227
-0.4883
0.984128
0.85579
-0.728568
-0.0919916
0.343754
0.578864
0.501626
-0.0706111
-0.807947
-0.488289
0.6203
0.662158
0.696747
-0.369718
0.542031
0.861147
-0.061593
0.297179
0.239941
-0.190664
0.465087
-0.953023
0.555696
0.0843641
-0.403089
0.985477
-0.210887
0.223181
0.668556
0.86742
-0.891609
0.0793198
-0.418636
0.201342
-0.584639
-0.780135
-0.0201514
-0.943619
-0.15251
0.296541
0.185886
0.848775
0.140753
0.228644
0.00774828
0.860027
0.649632
-0.731014
0.0117828
0.802328
0.779966
0.923966
-0.369329
0.494613
0.220506
-0.821608
0.714956
-0.899377
0.595446
0.928736
0.594547
0.71006
-0.509829
-0.983776
0.802882
0.902382
-0.378595
-0.516873
0.648134
-0.584967
0.988643
0.979837
0.524075
-0.955719
0.684904
-0.0840078
0.252427
0.653924
0.366662
-0.255767
0.0510334
0.977712
-0.0639139
0.27018
0.804539
0.962281
-0.334291
0.189302
0.10107
-0.0316498
-0.482259
0.334395
-0.343098
0.333015
0.839585
-0.380851
-0.604636
-0.441818
-0.711923
0.66916
-0.601502
0.185193
0.323877
0.850729
-0.9596
0.319364
-0.181893
0.727434
0.841221
0.653304
-0.773683
-0.224081
0.490201
0.373439
0.613819
0.502428
-0.409349
0.966562
0.959922
-0.248483
-0.556347
-0.194867
0.981972
0.367535
0.80489
-0.63815
0.150314
0.439365
-0.532809
-0.120105
0.436766
0.796386
-0.527303
-0.92813
-0.208801
-0.688439
-0.304186
0.844426
-0.0528172
0.870498
0.0350097
0.85451
0.508617
-0.392084
0.291791
-0.243731
-0.768597
0.921349
-0.697856
-0.103223
-0.837733
0.498879
0.581662
-0.139589
-0.0438979
-0.19233
0.311163
-0.757639
0.214694
-0.155003
0.608997
0.854276
0.000334428
0.818036
0.158532
0.288349
0.220454
-0.311004
0.394662
-0.861848
0.951693
0.70228
-0.897895
0.230956
-0.874364
0.354724
0.952934
0.460338
0.29144
0.59088
-0.527374
0.340444
0.538919
-0.616228
0.938824
-0.525604
0.389962
0.813721
-0.73632
0.554892
0.737768
0.52487
-0.978066
-0.473766
0.489033
-0.908781
0.557902
0.55824
0.548065
0.00805835
0.531438
0.483789
0.955062
0.991469
-0.755705
-0.835564
0.0758529
0.93674
0.606803
0.165018
-0.89271
0.668505
0.558976
-0.461364
0.0131008
0.944827
-0.93144
0.922868
0.808213
0.533366
0.836201
0.516031
0.134918
-0.214307
-0.0974726
-0.280119
-0.394578
-0.936012
0.515533
0.612554
0.460536
-0.688039
0.134886
0.906153
-0.700033
0.0253904
-0.330627
0.713082
0.541754
-0.936527
0.216382
0.897018
0.60004
0.474902
0.385965
0.476552
0.641006
0.497386
0.158388
0.450654
-0.345918
0.755617
-0.41331
0.129867
0.844523
-0.48308
0.281752
-0.685217
0.387923
-0.326446
-0.469764
0.338238
0.814219
0.261624
0.348518
0.538966
0.998803
-0.54839
-0.710722
-0.83423
0.465386
-0.190818
0.864819
0.75252
0.0845834
0.283696
0.134638
0.479288
0.36418
0.951118
0.888153
0.595101
-0.0372796
0.567765
-0.495574
0.456111
0.0480975
0.776364
0.678945
0.598576
-0.0677421
0.771103
0.672993
-0.883052
0.291323
0.454968
-0.302757
0.744571
-0.396887
0.882728
-0.334535
-0.513579
-0.970834
0.816926
0.462417
0.8202
-0.649556
0.842492
0.607609
-0.772896
-0.951002
0.718565
-0.928593
0.243525
-0.800958
0.705309
0.842346
0.852104
0.856651
0.842149
0.147695
0.880831
0.328822
-0.865227
0.409411
0.359214
0.709145
-0.23901
-0.902451
0.013279
-0.273297
0.752855
0.248681
0.574778
0.223237
0.138688
0.0656618
-0.906357
-0.776589
0.00223447
-0.662004
0.962914
0.759809
-0.161928
0.954911
-0.753297
-0.746491
-0.209139
-0.142681
0.823009
0.280191
0.452778
0.97831
0.739814
-0.49365
0.143348
0.372337
-0.450742
0.572016
-0.282822
-0.544486
0.0107992
-0.589383
0.747087
-0.795823
0.492195
-0.408339
0.389194
0.831416
0.919119
0.773328
0.194076
0.488952
-0.539774
0.170082
-0.204012
0.543349
0.628609
0.379541
0.289919
0.756386
0.984608
-0.167202
0.436701
0.684849
0.73053
-0.830456
0.333717
-0.978187
0.721437
0.576212
0.956827
0.267316
-0.0849527
0.197724
0.0846786
0.995684
0.427398
0.721976
0.965181
0.209194
-0.767044
0.975666
-0.699946
0.478456
-0.505816
-0.455608
-0.965648
-0.0620227
-0.126777
0.627753
-0.0599521
-0.950325
-0.671678
0.401384
0.645881
0.830545
-0.657743
-0.874037
0.0309436
-0.379722
0.176965
0.841871
0.139062
-0.826314
-0.191884
0.219453
0.65819
0.585391
0.979861
-0.177535
0.749318
-0.871465
0.664867
-0.218779
-0.771769
0.921341
0.665937
-0.753896
0.62545
-0.46181
0.956235
0.669416
0.655017
0.254554
-0.786547
0.512102
-0.799075
0.635659
0.299254
0.669591
0.827402
-0.917424
-0.771664
0.520883
0.951913
0.207542
0.825579
-0.792905
0.622733
0.813579
0.769852
0.619214
0.0355327
0.489316
0.282004
-0.0491603
-0.0940797
0.421796
-0.760478
-0.288666
0.155787
0.47247
-0.57744
-0.250608
-0.0325327
0.874378
0.903457
0.864376
0.139422
0.112826
0.253581
-0.0436988
0.0326226
0.972302
-0.0588238
-0.721737
-0.378644
0.586338
0.95779
0.8999
-0.862973
0.515153
0.901337
-0.844573
0.948025
0.155822
0.151038
-0.335567
0.0858915
-0.24707
0.662474
-0.827063
-0.555566
0.0915469
-0.254076
0.318478
0.514371
0.969134
-0.525807
0.0633225
0.925684
0.626992
-0.183257
0.642588
0.973304
-0.945522
-0.337924
0.692667
0.134179
0.73146
-0.408958
-0.145482
-0.019285
0.59023
-0.906638
0.0405204
0.923159
0.109079
0.266642
-0.729291
-0.534529
0.208298
-0.247192
0.444168
0.934965
-0.323147
0.989006
-0.457145
0.874328
-0.45303
-0.306549
0.148711
0.764233
-0.789818
0.815886
0.726498
0.78284
-0.475624
-0.73546
0.814779
-0.64811
0.569835
0.511433
0.232376
-0.0637842
0.903687
-0.470482
0.471183
-0.100148
0.76365
0.310152
0.968304
0.544239
0.96121
-0.718907
0.110436
-0.941314
-0.235588
-0.173128
0.550995
0.154819
0.988044
0.208174
-0.720361
-0.945792
0.566891
-0.0337218
0.216982
0.655926
-0.815952
0.746828
-0.207259
-0.990509
-0.711971
0.583684
-0.545706
-0.775423
-0.0978944
0.653415
0.260006
0.624188
0.777554
-0.997439
0.755998
-0.127259
0.424606
0.111133
0.122915
-0.324508
0.0570835
-0.291474
0.0705888
0.882464
0.476711
0.356913
0.884315
0.708373
-0.451981
0.320618
0.571752
-0.993044
-0.523025
0.538285
0.667313
0.303183
0.640286
0.416114
0.15486
0.810072
-0.848857
0.656193
0.343243
-0.730402
0.11352
0.7154
0.99723
-0.332151
-0.300259
0.0921217
0.670629
0.938821
0.908536
-0.0682485
0.12139
0.201093
0.428233
-0.0998975
-0.431972
0.866247
0.815215
-0.938095
-0.545918
0.709777
0.707178
0.190508
-0.722074
0.380543
-0.136271
0.271531
-0.851532
-0.491929
-0.519773
-0.100204
-0.456713
-0.699697
-0.647657
0.303868
0.370703
0.125036
-0.814534
0.199913
0.84962
0.912972
-0.584106
-0.206292
0.305535
-0.11302
0.730177
-0.403297
0.714357
0.956446
0.580257
-0.545556
-0.196189
0.435186
-0.132402
-0.102261
-0.570136
0.684214
0.694848
0.972407
-0.670961
-0.657712
0.859083
-0.155367
-0.168546
0.740212
0.710175
-0.876153
0.776509
0.397794
-0.957031
-0.836068
0.361091
-0.983621
0.534284
0.192621
0.874396
-0.603655
-0.753796
-0.960605
0.0704776
0.71363
-0.584639
0.269476
-0.935065
-0.857553
0.513615
-0.441481
0.0188772
-0.614446
-0.837774
0.905139
-0.477588
0.0528388
-0.801805
0.383272
-0.818152
0.43769
-0.677864
0.101361
0.291091
0.969497
-0.23586
0.487391
-0.527537
0.963426
-0.374575
0.774394
-0.758014
0.997874
0.00690711
0.535379
0.325318
-0.653884
0.740458
-0.892438
0.771729
-0.0490871
0.418247
0.671137
0.273273
-0.0916953
0.372204
-0.237874
0.919852
-0.766916
0.21743
-0.183754
0.963411
-0.702381
0.326058
0.774195
0.00515392
-0.386183
0.696714
0.302711
-0.560507
-0.732224
0.263263
0.184071
0.377858
0.926775
0.663236
0.806382
0.806982
-0.121602
-0.578359
0.81054
0.979802
-0.890848
0.700617
-0.40022
0.647441
0.566051
0.161594
-0.469357
-0.759451
0.96941
0.591308
0.022224
0.261595
0.622208
0.408285
0.271927
-0.765269
-0.711259
0.622708
0.618252
-0.0788372
-0.844991
0.112196
0.268138
-0.949993
0.55057
-0.219031
0.784586
0.98052
0.175936
0.22108
0.20565
0.933714
0.604396
0.822522
-0.678591
0.929536
-0.363159
0.936993
0.258794
-0.778198
0.168242
-0.728732
-0.815527
0.0859058
0.734861
-0.511997
-0.376612
0.738311
0.233995
0.866186
0.841046
0.463396
0.522784
-0.0740795
0.109527
0.359703
0.238919
0.95957
-0.139215
0.718023
0.52304
-0.305633
-0.864671
-0.477946
0.714554
-0.831739
-0.264541
-0.305892
-0.5737
0.718979
0.969252
0.710083
-0.645426
0.803755
0.577402
-0.993252
-0.12908
0.769982
-0.952388
-0.565742
0.211182
0.618613
0.87325
0.899428
0.568152
-0.461714
-0.0393295
0.455569
-0.67435
0.586976
-0.756214
0.358564
-0.295265
-0.403154
0.00723213
0.558276
0.343647
0.556317
0.390658
0.464979
-0.907341
0.0603473
0.730512
0.3971
0.859438
-0.726959
-0.571288
0.93622
0.900848
-0.779598
-0.305585
-0.964443
0.944453
0.813501
-0.184207
-0.466224
0.981586
-0.437758
0.344717
-0.842834
0.894306
0.0209261
0.144335
0.460914
-0.390402
0.0165336
0.325601
-0.731578
0.477346
-0.931394
-0.194409
0.994338
-0.551197
-0.924292
-0.0642831
-0.84595
0.327227
-0.893534
0.931222
0.529336
0.522399
0.333935
0.437213
0.435022
0.274876
-0.646262
-0.171197
0.776906
-0.81781
0.798808
0.880213
0.398026
-0.0961736
0.425718
0.951134
-0.361433
0.306736
-0.749338
0.921294
0.426053
0.798327
0.832466
-0.782297
0.812598
-0.110679
-0.520604
-0.490686
0.195657
0.0090505
0.943913
-0.581543
-0.486382
0.626905
0.454367
-0.984386
-0.121188
0.82513
0.502334
-0.976817
0.0291114
0.648696
0.139654
0.0118116
0.233556
0.860389
0.492992
-0.143443
-0.62617
0.745598
-0.412714
0.897983
0.319168
0.717243
0.108912
0.688871
-0.0636011
-0.258705
0.899613
-0.832054
-0.448821
0.300295
0.482901
0.346982
-0.850414
-0.625959
-0.873568
0.9509
-0.265697
0.873986
0.549505
0.180525
0.378926
0.311446
0.964469
0.972499
-0.094438
0.378397
-0.772664
-0.309106
-0.391571
0.14055
-0.78524
0.572763
-0.134118
0.886719
-0.363085
-0.307229
-0.604311
0.785502
-0.0562333
0.0303859
0.84657
0.487448
-0.390891
0.860281
-0.390703
-0.0572622
-0.578946
-0.967013
0.71483
0.544376
-0.697382
-0.81052
-0.725166
0.511086
0.814475
0.618541
0.845115
-0.852902
0.907522
-0.626566
-0.867719
0.45089
0.414679
-0.541952
-0.393371
0.748053
0.986601
0.0196156
-0.43933
0.333811
0.0267736
0.216051
-0.0963243
-0.570552
-0.2162
-0.390622
0.48735
-0.229616
-0.951815
0.799008
-0.310218
-0.386422
0.657268
0.969611
-0.244227
0.845161
0.871465
-0.722735
0.0741053
0.617264
0.651453
-0.785518
0.908011
0.994848
-0.165023
0.318516
-0.813327
0.766472
0.368107
-0.949698
0.915816
0.725237
0.616978
-0.449781
-0.857755
-0.021777
0.532231
-0.204773
-0.892491
-0.941661
0.404976
0.608362
0.9302
-0.316108
0.261337
0.761419
0.270529
0.750885
0.234629
-0.941016
-0.459944
0.306538
-0.243723
0.414203
0.01448
0.411258
0.802836
-0.446417
0.419049
-0.985081
0.897119
0.529622
0.698416
0.828165
0.275152
0.348828
-0.355446
0.625384
-0.38872
-0.03769
0.586761
0.115746
0.770575
-0.912154
0.0463151
0.427735
0.345098
0.309196
-0.275857
0.941828
0.0688528
0.36451
0.056168
-0.0964495
0.962611
0.755165
0.994856
0.858925
0.0710715
0.836636
-0.595684
-0.441769
0.658119
0.987015
0.549335
-0.590899
0.709113
0.403377
0.908292
0.716228
0.266277
-0.541847
-0.305971
-0.555946
0.923809
0.838268
0.714122
0.983721
0.273313
0.687161
0.556842
0.191441
0.993868
-0.113999
-0.020898
-0.829645
-0.986575
0.826313
-0.702872
0.913912
0.788924
0.610124
0.440467
0.7764
0.563506
-0.375044
0.591431
-0.323265
0.0851066
0.394219
0.603277
-0.642348
0.166284
0.476021
-0.497616
0.756142
-0.564113
0.806269
-0.68886
0.146029
0.0850981
0.275973
0.0846678
0.98463
0.908576
0.195054
0.604754
-0.682064
0.127288
-0.30656
0.603489
0.570444
-0.611754
0.513697
-0.57181
0.91987
0.663575
-0.725424
-0.362957
-0.677862
0.399856
-0.959877
-0.586129
0.446721
0.638978
0.475625
-0.445709
-0.0487754
-0.996659
-0.0557264
-0.317709
0.22549
0.619468
0.832514
0.0694553
0.497211
-0.948541
0.504604
-0.0638538
-0.240418
0.338578
0.77408
0.259432
0.35903
-0.675103
-0.285749
0.742049
0.11414
-0.914908
-0.314429
0.1506
0.375613
-0.85638
-0.935094
-0.285537
-0.0262121
0.792967
0.385529
-0.0978493
0.671416
0.925434
-0.833457
-0.608897
0.682103
0.00264779
0.696386
0.774982
0.324603
-0.328506
0.0484263
0.988147
0.65351
0.870263
0.161512
0.69863
0.492314
-0.41873
-0.559408
0.137258
-0.655656
0.84839
-0.507572
0.00894062
0.584314
-0.00802222
0.668334
0.428278
-0.752211
0.740757
-0.0179446
-0.852442
0.492585
0.844813
-0.275257
0.539497
0.578467
-0.304529
-0.0302191
0.328726
-0.453367
-0.910176
0.97128
0.462202
0.0871988
-0.0895384
0.518747
0.0203946
0.568782
0.425622
0.784569
-0.474785
-0.32
0.0241626
0.5491
-0.999975
-0.687397
0.930357
0.809484
-0.272999
0.675908
0.499363
0.0231779
-0.0119708
-0.762733
0.581448
0.0906412
-0.443946
0.489051
-0.569433
0.0482867
0.468323
-0.964102
0.619724
-0.101473
-0.678983
0.923206
-0.0366512
0.313337
-0.514829
0.742653
-0.454843
0.832355
-0.959219
0.288225
0.92143
0.724673
0.208536
0.177497
-0.577881
0.470821
-0.810524
-0.334525
-0.186624
0.781349
-0.906218
0.210251
0.680651
0.274058
0.287474
0.407181
-0.330825
0.822265
-0.993676
0.811723
0.324825
0.218686
0.758622
-0.913029
0.60037
-0.256735
-0.0772847
0.472309
0.335758
0.597812
0.281157
0.929647
0.913015
0.798516
0.568923
0.13788
0.0807138
0.887057
0.905334
0.793298
0.703474
-0.463797
-0.057764
0.0646959
0.918884
0.335053
0.609626
0.502669
0.940721
0.3138
0.180839
-0.452781
0.0250363
0.969299
0.755257
-0.128831
0.139003
0.753512
0.10545
-0.138387
-0.547897
0.765509
0.299254
0.852289
-0.315577
0.702922
0.99706
0.463074
0.141236
0.987722
-0.241778
-0.672621
0.991923
0.919266
0.672268
0.51109
0.686226
0.366686
0.775681
0.98728
-0.10685
0.930428
0.125165
-0.651264
-0.751532
-0.724147
-0.290752
-0.113099
0.599268
-0.164438
-0.658095
0.700567
-0.125678
-0.96294
0.792618
0.864315
0.113897
0.601085
-0.00194996
0.678953
0.638923
-0.993149
-0.638481
-0.559583
0.455699
0.966359
0.299291
0.300837
0.473494
0.608307
-0.564006
0.849014
-0.11804
0.891103
0.505768
0.192268
-0.516553
0.904408
0.935534
-0.758101
-0.870742
-0.0356796
0.992248
-0.559461
-0.643219
0.70326
0.375157
-0.363233
0.0634443
-0.857622
-0.303842
0.860087
-0.868007
-0.564501
-0.107144
0.773925
0.602705
-0.234096
0.44831
0.564407
0.851069
0.0438446
0.699113
-0.719668
0.975629
0.0157445
0.982538
-0.586751
0.97773
0.726985
0.295986
-0.454902
-0.522665
-0.0930689
0.489183