0.810707
0.996873
0.811367
0.236061
0.798724
0.897882
0.893602
0.513136
0.635785
0.930577
0.909647
0.39777
0.95969
0.951449
0.537052
0.975015
0.875272
0.779525
0.863317
0.653068
0.897784
0.827199
0.908045
0.629382
0.935437
0.848579
0.4609
0.789028
0.152605
0.705398
0.613411
0.575349
0.230554
0.531397
0.707099
0.595888
0.570091
0.967381
0.925512
0.992856
0.849098
0.753799
0.965285
0.894536
0.680674
0.944025
0.74087
0.832035
0.993376
0.860905
0.815362
0.956075
0.623421
0.685144
0.631838
0.783223
0.826779
0.851588
0.510877
0.432128
0.956924
0.973229
0.783154
0.644871
0.656793
0.660307
0.962696
0.977893
0.938885
0.888375
0.993278
0.221348
0.953627
0.51377
0.578404
0.475041
0.76885
0.816955
0.930318
0.83063
0.907441
0.354777
0.972575
0.643309
0.604111
0.387164
0.999317
0.771174
0.844741
0.733962
0.328714
0.865173
0.822054
0.196652
0.683736
0.401979
0.794813
0.973734
0.810853
0.841623
0.871763
0.982164
0.770979
0.934496
0.478962
0.782344
0.900386
0.681089
0.922167
0.559002
0.520839
0.813301
0.943047
0.94528
0.738476
0.903392
0.74073
0.567102
0.718336
0.511166
0.971536
0.917411
0.788738
0.920805
0.988532
0.624723
0.41158
0.636626
0.712726
0.755047
0.35611
0.906853
0.695024
0.666026
0.741187
0.798277
0.615439
0.902636
0.588429
0.543349
0.977777
0.753881
0.832537
0.33454
0.854633
0.722221
0.94465
0.840579
0.560921
0.579345
0.947556
0.906907
0.668789
0.699446
0.941445
0.800343
0.985716
0.991831
0.485913
0.93566
0.488524
0.665396
0.357657
0.6451
0.834614
0.291852
0.461087
0.658381
0.597448
0.947185
0.556331
0.533701
0.990968
0.831442
0.58308
0.905799
0.562404
0.758885
0.647914
0.854075
0.648373
0.964735
0.930363
0.83108
0.557556
0.746147
0.675199
0.750332
0.775042
0.952298
0.931005
0.936883
0.935668
0.891161
0.583478
0.490862
0.534309
0.677958
0.882382
0.814361
0.893178
0.625831
0.550758
0.964097
0.629069
0.170705
0.94135
0.535179
0.933355
0.61682
0.775367
0.871111
0.818316
0.984699
0.880835
0.985745
0.790009
0.886723
0.891551
0.742245
0.889428
0.703264
0.759319
0.552747
0.588013
0.447833
0.750865
0.673511
0.929775
0.7277
0.946132
0.976996
0.503273
0.911065
0.755614
0.747981
0.963161
0.911298
0.819375
0.428769
0.627977
0.782932
0.749751
0.274805
0.332188
0.723956
0.897931
0.904142
0.810899
0.878486
0.679245
0.897059
0.924856
0.712454
0.695918
0.406276
0.941005
0.993092
0.880029
0.977286
0.541892
0.944881
0.543459
0.687536
0.784218
0.468028
0.862155
0.716607
0.799131
0.686124
0.688451
0.933189
0.556997
0.778939
0.867414
0.799539
0.898166
0.791528
0.873871
0.513154
0.835522
0.954306
0.640803
0.93274
0.556493
0.482253
0.793322
0.976547
0.165104
0.996805
0.906616
0.915495
0.531588
0.799368
0.800254
0.759321
0.971494
0.517754
0.80367
0.549123
0.860379
0.790969
0.66705
0.904057
0.978527
0.9975
0.389908
0.47415
0.75216
0.977568
0.983481
0.921735
0.724419
0.344178
0.65756
0.677247
0.644741
0.489331
0.404541
0.973157
0.862487
0.582011
0.898737
0.925678
0.894369
0.580442
0.954644
0.948246
0.699802
0.871394
0.991087
0.92146
0.950692
0.873114
0.57139
0.818553
0.765645
0.827109
0.291758
0.870354
0.755962
0.469497
0.659832
0.950419
0.587111
0.81553
0.376438
0.273595
0.678879
0.572936
0.608434
0.937212
0.749761
0.569737
0.625946
0.606236
0.915455
0.665955
0.709985
0.765507
0.720226
0.770265
0.889092
0.698436
0.67454
0.639424
0.682465
0.813457
0.710616
0.855306
0.438436
0.717277
0.951596
0.421259
0.469825
0.961833
0.780538
0.721844
0.451789
0.704041
0.899002
0.789693
0.404781
0.662757
0.163091
0.821923
0.724475
0.602129
0.507819
0.903479
0.872962
0.791825
0.747445
0.95887
0.574114
0.886001
0.645293
0.884045
0.574664
0.0997613
0.892227
0.837635
0.865309
0.473073
0.464753
0.850981
0.612533
0.615125
0.940099
0.264794
0.66947
0.826148
0.846967
0.985047
0.995483
0.993156
0.938404
0.82142
0.56662
0.503282
0.578176
0.960789
0.926465
0.992779
0.437794
0.810546
0.611168
0.684183
0.612045
0.873486
0.792421
0.603784
0.848694
0.805056
0.600759
0.407063
0.404082
0.866287
0.880284
0.570066
0.836969
0.982816
0.620487
0.887723
0.926985
0.778875
0.259312
0.262486
0.930466
0.877181
0.497465
0.898203
0.271438
0.500062
0.928795
0.676892
0.670972
0.985886
0.77368
0.97643
0.947348
0.663175
0.92212
0.827981
0.936981
0.546798
0.884129
0.753523
0.811318
0.582145
0.561584
0.633547
0.756019
0.821967
0.559652
0.316145
0.61031
0.836571
0.875568
0.75179
0.845865
0.752096
0.885375
0.937575
0.679221
0.802447
0.838999
0.863404
0.852886
0.993935
0.681699
0.411037
0.935718
0.859968
0.766364
0.58634
0.718826
0.897344
0.588509
0.852512
0.56774
0.884031
0.97702
0.974501
0.705998
0.205081
0.861842
0.880441
0.391607
0.791733
0.927673
0.604731
0.706974
0.873097
0.448138
0.795935
0.901037
0.565397
0.868883
0.306866
0.729283
0.93418
0.485209
0.967869
0.759407
0.326261
0.683715
0.827266
0.92594
0.810935
0.896029
0.939432
0.702754
0.57983
0.96977
0.384041
0.669874
0.924722
0.570172
0.681878
0.194891
0.869011
0.491085
0.962375
0.716781
0.716332
0.45171
0.615422
0.539902
0.664932
0.492999
0.91075
0.598456
0.886609
0.814072
0.817407
0.855466
0.948679
0.633515
0.954662
0.56752
0.467839
0.942376
0.300517
0.701877
0.695194
0.660614
0.96928
0.995876
0.555812
0.832678
0.841737
0.977045
0.756621
0.667115
0.591913
0.571214
0.901596
0.936722
0.916442
0.844558
0.727822
0.650931
0.458565
0.959429
0.55509
0.853164
0.758132
0.480177
0.776215
0.835016
0.812733
0.903645
0.844002
0.900195
0.511489
0.974661
0.727024
0.963954
0.34131
0.969288
0.53308
0.974048
0.58563
0.927666
0.772487
0.73966
0.701687
0.584716
0.638547
0.811122
0.887451
0.841733
0.784919
0.789179
0.829294
0.644749
0.816273
0.646417
0.284218
0.731469
0.825521
0.839117
0.644299
0.923266
0.694791
0.932711
0.413582
0.543214
0.760982
0.558411
0.926078
0.671752
0.258382
0.57044
0.67487
0.90548
0.970683
0.815094
0.922961
0.537541
0.511417
0.831736
0.566914
0.704585
0.839415
0.934082
0.898054
0.639344
0.916961
0.652847
0.389127
0.980863
0.886676
0.617613
0.675067
0.703378
0.807005
0.60422
0.774317
0.567595
0.480004
0.911087
0.694384
0.779731
0.798665
0.701922
0.672003
0.989784
0.894685
0.583377
0.648684
0.917783
0.818093
0.716087
0.999098
0.69235
0.800705
0.737096
0.566211
0.837998
0.758732
0.904084
0.859385
0.585364
0.948687
0.684334
0.557932
0.626422
0.800379
0.549369
0.912355
0.607276
0.952726
0.90589
0.716973
0.583728
0.91389
0.975481
0.70671
0.446089
0.799238
0.934251
0.957381
0.805993
0.573402
0.84873
0.397464
0.560255
0.975247
0.931113
0.933963
0.928688
0.60128
0.582436
0.370793
0.690785
0.832632
0.884611
0.776151
0.675044
0.709487
0.109797
0.751295
0.564774
0.673572
0.535407
0.744299
0.813202
0.678306
0.719851
0.931482
0.992509
0.876202
0.652633
0.689261
0.935125
0.932615
0.940256
0.78552
0.719323
0.86259
0.496705
0.733902
0.770486
0.331119
0.61546
0.820528
0.822569
0.806369
0.893073
0.916933
0.91973
0.914504
0.795736
0.601261
0.909849
0.844223
0.999143
0.756186
0.95204
0.69501
0.812914
0.734571
0.656441
0.668904
0.624752
0.721594
0.858165
0.870525
0.942269
0.515293
0.992496
0.858663
0.950388
0.443888
0.584541
0.985349
0.850799
0.885213
0.804868
0.742251
0.670976
0.86694
0.946577
0.669645
0.399737
0.472753
0.962583
0.808516
0.870179
0.80852
0.926815
0.844373
0.873196
0.177043
0.901211
0.943102
0.516396
0.78423
0.794298
0.963294
0.978309
0.534151
0.951547
0.9131
0.940119
0.831624
0.859516
0.390195
0.945975
0.937219
0.647734
0.74136
0.598104
0.627339
0.827238
0.839417
0.802131
0.457281
0.933238
0.966379
0.336613
0.828881
0.994285
0.87591
0.659531
0.91077
0.84796
0.270892
0.862312
0.222455
0.97659
0.79287
0.738161
0.970026
0.845267
0.32338
0.896365
0.979023
0.961973
0.657042
0.626883
0.801111
0.439079
0.983564
0.965354
0.704157
0.793915
0.940891
0.602828
0.960269
0.802711
0.55405
0.470428
0.705572
0.602226
0.77896
0.881217
0.923458
0.927412
0.986224
0.607729
0.706305
0.862425
0.666552
0.997469
0.999507
0.827569
0.896578
0.227146
0.844262
0.802328
0.577136
0.737717
0.990845
0.973005
0.721967
0.6273
0.871862
0.993999
0.927329
0.606433
0.971685
0.528797
0.627722
0.903333
0.881311
0.617198
0.730916
0.853815
0.919063
0.867071
0.738041
0.894476
0.926314
0.736162
0.853778
0.847709
0.915234
0.722747
0.640821
0.542889
0.47185
0.74222
0.965771
0.58445
0.348956
0.949366
0.744487
0.379345
0.594128
0.508328
0.263355
0.954695
0.704251
0.620986
0.778488
0.641846
0.943537
0.744685
0.600066
0.791263
0.954092
0.895806
0.961007
0.885157
0.798981
0.772782
0.393408
0.989418
0.868183
0.959735
0.298273
0.72765
0.595816
0.824143
0.692067
0.969128
0.813373
0.786554
0.984134
0.650896
0.228476
0.496962
0.947943
0.468399
0.590425
0.713843
0.839351
0.816788
0.955541
0.585311
0.950413
0.634951
0.77152
0.962249
0.753748
0.941285
0.970387
0.820809
0.531292
0.733688
0.651505
0.666206
0.963603
0.778022
0.7891
0.981611
0.692765
0.884773
0.932224
0.416593
0.744437
0.664898
0.995549
0.779718
0.708392
0.725412
0.891344
0.82909
0.765075
0.978956
0.608292
0.969735
0.887463
0.58569
0.870642
0.984726
0.837758
0.806746
0.581782
0.793987
0.976238
0.971407
0.658364
0.586983
0.427263
0.832542
0.96596
0.806576
0.955407
0.692267
0.756336
0.979195
0.992528
0.742258
0.45657
0.774889
0.678999
0.647902
0.413294
0.893519
0.721894
0.84745
0.883631
0.692234
0.913792
0.716088
0.742708
0.930686
0.949526
0.907094
0.984195
0.329218
0.49635
0.591957
0.92753
0.943608
0.88396
0.734609
0.666015
0.909964
0.203239
0.822579
0.88191
0.583843
0.902234
0.931705
0.262222
0.536682
0.947628
0.883154
0.947371
0.618044
0.95112
0.964063
0.366109
0.25902
0.810573
0.945749
0.566397
0.734173
0.873251
0.961587
0.605117
0.907066
0.450368
0.585053
0.800824
0.849276
0.984706
0.898598
0.891971
0.802351
0.971963
0.891328
0.922336
0.823597
0.858103
0.9234
0.952729
0.912328
0.945068
0.532981
0.782973
0.939905
0.847828
0.514986
0.412837
0.907514
0.628489
0.796981
0.807867
0.53925
0.532406
0.700673
0.829057
0.798159
0.828386
0.794235
0.977797
0.991222
0.902469
0.845625
0.460838
0.634863
0.831662
0.152796
0.657725
0.793228
0.938359
0.678533
0.95193
0.646991
0.461094
0.956617
0.979958
0.294337
0.413383
0.794573
0.361951
0.795544
0.849773
0.950353
0.872331
0.161749
0.759089
0.876226
0.675458
0.688808
0.616261
0.806737
0.820218
0.946335
0.773642
0.810049
0.950665
0.740237
0.795876
0.707253
0.632274
0.951806
0.842835
0.894852
0.590028
0.482663
0.867896
0.718875
0.968952
0.995178
0.7109
0.909322
0.98723
0.87563
0.666687
0.504698
0.849342
0.953569
0.753088
0.737678
0.974351
0.972925
0.86033
0.541067
0.598028
0.762191
0.40767
0.664775
0.32651
0.782572
0.968825
0.97907
0.23942
0.658391
0.397468
0.809427
0.993201
0.986943
0.541359
0.769383
0.989951
0.960117
0.712904
0.804508
0.433707
0.897484
0.706331
0.936203
0.980186
0.802242
0.384504
0.894992
0.898638
0.692929
0.272055
0.748371
0.794838
0.952773
0.845931
0.456737
0.229234
0.835656
0.327882
0.547837
0.76313
0.547833
0.826553
0.500357
0.994488
0.817387
0.661306
0.993504
0.9639
0.796925
0.636935
0.725061
0.888984
0.738564
0.885128
0.858471
0.285266
0.810501
0.990739
0.859188
0.918848
0.995277
0.603668
0.912326
0.985459
0.928129
0.857713
0.630719
0.738688
0.981555
0.782859
0.622094
0.685486
0.321829
0.695108
0.556431
0.263704
0.961769
0.489545
0.913762
0.85059
0.452565
0.393199
0.561863
0.79571
0.739306
0.93923
0.639041
0.980787
0.442794
0.740007
0.464366
0.824129
0.393361
0.949273
0.894653
0.73202
0.99828
0.335546
0.665985
0.50373
0.540157
0.480253
0.766523
0.839895
0.856828
0.923242
0.790381
0.819515
0.946826
0.80206
0.44648
0.65124
0.873325
0.976181
0.676448
0.499903
0.834121
0.862708
0.754915
0.881287
0.489976
0.6536
0.248989
0.566115
0.594867
0.58669
0.641119
0.279007
0.861206
0.385759
0.553719
0.445416
0.775501
0.541395
0.714109
0.536291
0.394224
0.817628
0.569089
0.726605
0.939304
0.904028
0.984084
0.930407
0.718916
0.677476
0.994808
0.989976
0.864616
0.918932
0.919844
0.737722
0.959517
0.968653
0.95443
0.722537
0.942609
0.92942
0.632576
0.796812
0.978559
0.773608
0.557053
0.555138
0.943687
0.849787
0.46032
0.667943
0.946906
0.805081
0.904524
0.54801
0.774877
0.616242
0.60263
0.961221
0.981417
0.758738
0.627942
0.587007
0.957538
0.455934
0.780655
0.754839
0.925887
0.972482
0.851592
0.914666
0.489132
0.413404
0.950283
0.986919
0.955508
0.988204
0.604217
0.490842
0.718634
0.812111
0.981849
0.978343
0.48394
0.805872
0.824304
0.473533
0.924927
0.973894
0.840894
0.826681
0.306807
0.955169
0.880119
0.839855
0.796836
0.395039
0.696213
0.881112
0.724771
0.98413
0.253017
0.671712
0.977504
0.976052
0.838104
0.756618
0.737263
0.602514
0.967638
0.75041
0.907143
0.510814
0.83107
0.904473
0.810119
0.709869
0.433264
0.747598
0.89808
0.982223
0.713276
0.907587
0.726031
0.785388
0.887341
0.481467
0.437591
0.675115
0.772649
0.955069
0.52614
0.494026
0.474866
0.944726
0.615675
0.995596
0.93683
0.320368
0.986827
0.72379
0.575602
0.292467
0.63652
0.477836
0.788796
0.900353
0.947544
0.911358
0.440365
0.512244
0.97305
0.803365
0.862289
0.698363
0.298475
0.621224
0.847686
0.955714
0.825664
0.966283
0.894901
0.43821
0.419387
0.969405
0.888071
0.727932
0.390666
0.420614
0.749115
0.55262
0.968092
0.255989
0.885485
0.341773
0.928771
0.800418
0.287976
0.878016
0.330735
0.507795
0.633908
0.774396
0.678301
0.97404
0.905075
0.898371
0.897048
0.173459
0.866022
0.887926
0.733086
0.820879
0.575933
0.833808
0.831939
0.887137
0.445203
0.523546
0.872218
0.781941
0.751072
0.931189
0.586037
0.939921
0.858121
0.851203
0.968186
0.816206
0.827422
0.973139
0.914742
0.839957
0.632233
0.645938
0.657843
0.810314
0.941594
0.827947
0.993421
0.613003
0.702256
0.963836
0.840587
0.305541
0.991504
0.529386
0.682956
0.66983
0.571977
0.502585
0.987551
0.196232
0.866112
0.739281
0.788392
0.989009
0.937594
0.703336
0.979727
0.28783
0.612898
0.965684
0.945186
0.466237
0.0456435
0.917895
0.966151
0.725803
0.924244
0.885673
0.732627
0.744125
0.592561
0.704016
0.751716
0.573675
0.77583
0.994794
0.264935
0.895851
0.998783
0.34837
0.850651
0.179319
0.706689
0.986717
0.919645
0.920963
0.668967
0.455932
0.643322
0.748296
0.506776
0.8692
0.455277
0.847294
0.161349
0.914779
0.978359
0.653433
0.968513
0.73432
0.270991
0.978657
0.730803
0.564657
0.61008
0.98168
0.717543
0.544835
0.931764
0.962715
0.839688
0.981196
0.995294
0.495695
0.836135
0.871414
0.969738
0.769064
0.772781
0.695551
0.762695
0.891671
0.66843
0.764664
0.502438
0.635787
0.979077
0.57079
0.506497
0.610475
0.659421
0.538725
0.510743
0.888794
0.609019
0.378672
0.340604
0.608457
0.91561
0.867439
0.898162
0.8236
0.835578
0.664655
0.326101
0.983248
0.695234
0.585689
0.784692
0.976476
0.967
0.926964
0.834995
0.885751
0.647465
0.855168
0.576029
0.908063
0.57895
0.844606
0.240264
0.437395
0.624682
0.904037
0.806169
0.921271
0.784509
0.818114
0.810418
0.889018
0.814815
0.714158
0.938374
0.862273
0.947277
0.910576
0.783192
0.569141
0.947183
0.802998
0.836004
0.926657
0.801768
0.826672
0.816439
0.589031
0.987768
0.939042
0.597307
0.283435
0.938838
0.917663
0.7584
0.786123
0.464972
0.47743
0.32604
0.990611
0.964745
0.808298
0.731891
0.455796
0.975153
0.672656
0.734092
0.534828
0.534722
0.352516
0.991441
0.958969
0.270415
0.883138
0.545806
0.601713
0.97772
0.756007
0.80409
0.810472
0.709022
0.917906
0.944588
0.84216
0.620964
0.901959
0.534153
0.920773
0.684411
0.820091
0.641118
0.830255
0.803047
0.478939
0.69348
0.864976
0.80735
0.999274
0.870593
0.771832
0.941643
0.897298
0.682147
0.641541
0.522797
0.951569
0.721298
0.216702
0.822073
0.589982
0.850886
0.880938
0.722994
0.613576
0.894409
0.41533
0.706598
0.743708
0.998094
0.841416
0.66181
0.934784
0.523785
0.940647
0.444787
0.53326
0.965387
0.752675
0.748529
0.693059
0.350627
0.959394
0.908742
0.979648
0.907356
0.906361
0.64295
0.971608
0.714275
0.947193
0.998342
0.817686
0.995173
0.984349
0.943494
0.546462
0.993512
0.930661
0.926158
0.898858
0.959757
0.87819
0.881956
0.981002
0.883034
0.639029
0.80802
0.63565
0.823987
0.804968
0.838741
0.971241
0.958536
0.999182
0.791687
0.723186
0.693324
0.801903
0.638265
0.675661
0.89578
0.586661
0.950975
0.496318
0.818423
0.361883
0.912487
0.66891
0.693405
0.840029
0.625377
0.5831
0.764737
0.592844
0.749919
0.733195
0.4628
0.9858
0.99151
0.80709
0.719797
0.809532
0.631564
0.741234
0.697778
0.864868
0.932316
0.911859
0.567569
0.820538
0.854836
0.836599
0.792654
0.62402
0.365662
0.579887
0.154199
0.679174
0.87464
0.67251
0.842966
0.358648
0.865115
0.0792316
0.993734
0.921876
0.873315
0.999064
0.711424
0.544136
0.658355
0.708867
0.962716
0.689874
0.9204
0.995293
0.743406
0.477741
0.97706
0.459552
0.9599
0.280945
0.761595
0.971046
0.996991
0.639833
0.591012
0.977125
0.399814
0.595329
0.568497
0.671368
0.946232
0.596059
0.722631
0.326321
0.614831
0.945594
0.458569
0.744191
0.998497
0.965285
0.999278
0.551552
0.524901
0.667016
0.46381
0.936002
0.729889
0.380367
0.267539
0.774625
0.931853
0.854482
0.328417
0.804589
0.973063
0.4079
0.889494
0.909331
0.40089
0.684781
0.649342
0.557637
0.446741
0.933388
0.931428
0.289362
0.415526
0.737664
0.976302
0.371799
0.590268
0.319464
0.956468
0.717686
0.834359
0.188495
0.663944
0.992291
0.93265
0.611794
0.777763
0.763658
0.481868
0.427479
0.806696
0.965005
0.99767
0.457257
0.971535
0.656569
0.491219
0.6003
0.880008
0.566979
0.441618
0.906965
0.443176
0.665259
0.962843
0.981461
0.176455
0.510272
0.792453
0.400973
0.888007
0.907494
0.743051
0.780484
0.837069
0.99144
0.999584
0.841476
0.866757
0.694983
0.898535
0.727933
0.965645
0.672247
0.793347
0.566205
0.610856
0.53889
0.945888
0.533342
0.474149
0.72688
0.426975
0.669847
0.824076
0.680105
0.996735
0.831342
0.851174
0.821471
0.992082
0.512649
0.875835
0.84324
0.821614
0.613489
0.731973
0.707379
0.914379
0.836879
0.551839
0.7907
0.815603
0.988739
0.739414
0.899793
0.803648
0.835575
0.990104
0.993637
0.775031
0.792398
0.953582
0.814967
0.964892
0.87482
0.876799
0.862851
0.840126
0.581994
0.937612
0.860397
0.771792
0.866923
0.983914
0.841301
0.76281
0.913589
0.922217
0.64632
0.812119
0.662233
0.959702
0.904618
0.857974
0.534678
0.915505
0.65331
0.99769
0.947917
0.384528
0.762767
0.920944
0.613492
0.860697
0.896583
0.717523
0.640006
0.339122
0.516835
0.963526
0.714617
0.777403
0.922503
0.945482
0.821812
0.898707
0.981673
0.939682
0.997037
0.946263
0.926839
0.827561
0.997893
0.762281
0.6002
0.578474
0.781263
0.725091
0.427107
0.314928
0.699829
0.810876
0.998819
0.472928
0.707913
0.63727
0.909615
0.684674
0.578532
0.593736
0.767429
0.447439
0.670908
0.906151
0.36148
0.503711
0.829327
0.985876
0.726859
0.978479
0.46053
0.888264
0.818793
0.518782
0.723134
0.830736
0.569723
0.571501
0.889901
0.906319
0.399776
0.805871
0.395887
0.488421
0.891191
0.601215
0.981767
0.957542
0.936775
0.830007
0.901523
0.906115
0.784493
0.953441
0.98969
0.475749
0.855674
0.94261
0.805275
0.548677
0.900828
0.967317
0.634299
0.685256
0.811921
0.311483
0.470637
0.961141
0.489452
0.891037
0.832483
0.483816
0.92928
0.724751
0.371606
0.670165
0.761738
0.583298
0.530789
0.876583
0.741224
0.92615
0.770162
0.999658
0.756668
0.517649
0.998845
0.903163
0.214241
0.831871
0.742799
0.769848
0.880932
0.663128
0.437954
0.495098
0.75411
0.830246
0.430951
0.68472
0.813835
0.857242
0.932494
0.986809
0.750351
0.59453
0.827961
0.860567
0.369357
0.965948
0.8265
0.67607
0.599254
0.878564
0.979173
0.83848
0.957091
0.86107
0.879352
0.899229
0.495907
0.53317
0.76999
0.665429
0.826762
0.686467
0.841173
0.997054
0.427182
0.664818
0.820592
0.47615
0.605576
0.279751
0.558507
0.837353
0.74022
0.895422
0.392568
0.584408
0.965341
0.931171
0.410188
0.808886
0.672503
0.979091
0.874481
0.965623
0.897255
0.616279
0.721725
0.569925
0.884082
0.831265
0.97018
0.80524
0.66326
0.650863
0.754932
0.844962
0.804186
0.988795
0.790388
0.828579
0.492879
0.775379
0.786837
0.615209
0.661631
0.470768
0.516891
0.776028
0.782658
0.871242
0.311525
0.749628
0.989193
0.430511
0.848247
0.835047
0.938351
0.67812
0.589267
0.958201
0.900779
0.978528
0.9052
0.762314
0.984778
0.568665
0.692306
0.691368
0.894116
0.958086
0.365021
0.979819
0.963519
0.814389
0.55145
0.903243
0.882264
0.788981
0.925362
0.805685
0.822487
0.997691
0.760659
0.78648
0.819116
0.773977
0.756248
0.987577
0.365799
0.584009
0.889754
0.711698
0.771217
0.706246
0.861151
0.630122
0.671739
0.474933
0.847875
0.644432
0.807796
0.482025
0.953915
0.799466
0.960195
0.899551
0.969877
0.6919
0.866338
0.65921
0.912539
0.760143
0.96948
0.840011
0.635645
0.994171
0.928884
0.846622
0.864295
0.943722
0.95507
0.472068
0.311846
0.762995
0.829343
0.801734
0.686528
0.990221
0.79127
0.964166
0.962904
0.682728
0.795027
0.737947
0.461162
0.484908
0.465698
0.564052
0.8738
0.963143
0.795318
0.566288
0.813516
0.694159
0.69428
0.967116
0.321297
0.974632
0.932082
0.722223
0.886219
0.455475
0.974268
0.786592
0.76009
0.932682
0.822675
0.64127
0.708201
0.71795
0.77222
0.772664
0.889046
0.572093
0.856237
0.965257
0.584828
0.703845
0.850873
0.964945
0.948673
0.853554
0.861776
0.655044
0.374875
0.89599
0.415214
0.888989
0.741846
0.502699
0.9116
0.949766
0.94103
0.858044
0.439314
0.673488
0.264925
0.887077
0.886394
0.836516
0.843721
0.721264
0.734842
0.904328
0.782992
0.693709
0.934727
0.828879
0.875851
0.894099
0.669006
0.597973
0.499187
0.875765
0.745062
0.667673
0.580838
0.582405
0.569921
0.592562
0.933346
0.781752
0.793625
0.967641
0.930998
0.759101
0.909822
0.912401
0.447378
0.420546
0.96075
0.414021
0.881301
0.767654
0.827694
0.386026
0.867483
0.900618
0.929772
0.973099
0.766206
0.755184
0.815156
0.392299
0.705736
0.898208
0.499935
0.521173
0.966
0.83885
0.975391
0.926674
0.62463
0.774181
0.722829
0.672248
0.38858
0.493504
0.991878
0.938132
0.969066
0.753485
0.932353
0.772892
0.723585
0.858828
0.789334
0.933659
0.97275
0.912721
0.606027
0.888352
0.929823
0.914377
0.524642
0.326168
0.769982
0.581262
0.256281
0.513112
0.459063
0.86449
0.793644
0.999963
0.927596
0.92868
0.701289
0.25859
0.877651
0.697487
0.738438
0.811897
0.46664
0.749938
0.876505
0.470482
0.68965
0.524124
0.867241
0.803407
0.732777
0.254062
0.59954
0.568204
0.902099
0.547297
0.878618
0.563647
0.884024
0.835204
0.55419
0.572867
0.646934
0.629886
0.663986
0.962038
0.997395
0.120942
0.557101
0.428744
0.633357
0.859413
0.857436
0.933092
0.566244
0.477173
0.986075
0.917494
0.607763
0.251065
0.930867
0.810338
0.959325
0.937472
0.437016
0.400909
0.658024
0.842432
0.652731
0.647871
0.67791
0.933459
0.701737
0.875408
0.989951
0.846996
0.935512
0.770035
0.81901
0.931641
0.875314
0.957521
0.502799
0.222695
0.694885
0.239582
0.93005
0.981276
0.712404
0.908562
0.83558
0.631923
0.817774
0.818202
0.455968
0.868059
0.61928
0.481558
0.969714
0.278258
0.946118
0.913991
0.634921
0.97507
0.32857
0.841634
0.982221
0.670215
0.799164
0.544978
0.640283
0.881507
0.55556
0.789385
0.696439
0.975596
0.803163
0.744971
0.710395
0.784821
0.615826
0.867598
0.79383
0.982941
0.899315
0.888153
0.523924
0.473618
0.642926
0.862385
0.164563
0.425206
0.897122
0.345966
0.926932
0.97779
0.921655
0.160907
0.259474
0.576984
0.991952
0.975053
0.993944
0.730579
0.668322
0.869216
0.422978
0.867372
0.860878
0.671038
0.565389
0.848618
0.640397
0.762111
0.946009
0.77294
0.931732
0.975459
0.732206
0.855539
0.716896
0.737986
0.667012
0.972641
0.999459
0.334805
0.72061
0.757225
0.417817
0.983933
0.534574
0.60724
0.701035
0.85073
0.874465
0.996327
0.882124
0.902476
0.4619
0.877713
0.833718
0.826419
0.551143
0.993336
0.397288
0.714958
0.466243
0.902991
0.679321
0.905739
0.900206
0.843457
0.946207
0.747508
0.740795
0.647803
0.86515
0.981948
0.595389
0.698246
0.847382
0.894415
0.704114
0.720555
0.945098
0.911031
0.906531
0.792579
0.358862
0.55304
0.58405
0.844127
0.283836
0.902671
0.87047
0.981124
0.773123
0.712192
0.797211
0.921258
0.894542
0.283591
0.733683
0.644656
0.912149
0.743251
0.987048
0.623164
0.844304
0.964727
0.994306
0.966565
0.691537
0.942371
0.920518
0.826715
0.81018
0.607347
0.694628
0.568696
0.652046
0.958476
0.709136
0.810394
0.571159
0.97799
0.622218
0.479268
0.952742
0.738321
0.990469
0.901766
0.788372
0.694939
0.643399
0.832116
0.892053
0.348418
0.986973
0.853719
0.982963
0.559303
0.888968
0.60447
0.975036
0.955082
0.823103
0.887149
0.490783
0.655783
0.978919
0.537554
0.319275
0.883692
0.989255
0.659418
0.830736
0.953417
0.764871
0.921288
0.805048
0.657989
0.688582
0.797755
0.86836
0.981835
0.651541
0.767178
0.406433
0.562905
0.979337
0.121128
0.759648
0.999371
0.97591
0.935783
0.935741
0.373251
0.776596
0.826442
0.889633
0.391287
0.674922
0.851403
0.932834
0.878177
0.984298
0.67153
0.242623
0.365073
0.922107
0.569447
0.996654
0.902852
0.938007
0.967865
0.579235
0.812265
0.817679
0.96515
0.475332
0.768684
0.894087
0.7987
0.999363
0.433763
0.856825
0.883182
0.709843
0.974812
0.516541
0.954558
0.545982
0.345007
0.486082
0.707998
0.462656
0.824671
0.286864
0.555498
0.721467
0.770195
0.880289
0.941702
0.984067
0.950733
0.700413
0.620644
0.916228
0.904807
0.509668
0.404009
0.711075
0.435937
0.63965
0.900973
0.672802
0.807689
0.574416
0.784221
0.480737
0.998089
0.967848
0.773985
0.813995
0.668235
0.316073
0.909314
0.736185
0.967971
0.966245
0.583583
0.954237
0.884741
0.711753
0.537804
0.931763
0.609555
0.94218
0.546972
0.694702
0.921921
0.842192
0.856739
0.810586
0.910897
0.568011
0.910389
0.735187
0.944733
0.723138
0.342929
0.747116
0.307992
0.149082
0.955985
0.98294
0.967143
0.918927
0.860159
0.964304
0.874012
0.475008
0.734839
0.364983
0.551039
0.530407
0.649002
0.962439
0.536202
0.746586
0.693589
0.995114
0.758176
0.553561
0.582131
0.971954
0.793114
0.666169
0.767175
0.659474
0.796435
0.649194
0.415852
0.573728
0.96925
0.794951
0.911846
0.881011
0.966459
0.683344
0.882884
0.906097
0.980137
0.553806
0.972789
0.849529
0.884309
0.694372
0.906978
0.745538
0.807942
0.866636
0.852784
0.596891
0.95542
0.851028
0.848464
0.344129
0.993276
0.736121
0.79345
0.918726
0.99208
0.511839
0.97558
0.82746
0.913888
0.373133
0.938139
0.610331
0.794845
0.522927
0.647131
0.41411
0.955293
0.704656
0.835227
0.87943
0.445779
0.804954
0.994701
0.821083
0.728284
0.730658
0.989118
0.583729
0.731764
0.901444
0.966078
0.40414
0.61488
0.674074
0.618702
0.931426
0.956952
0.518501
0.789462
0.756993
0.86602
0.938068
0.76394
0.846141
0.529367
0.965824
0.601974
0.873762
0.981332
0.930789
0.915853
0.828583
0.576159
0.866626
0.734673
0.767447
0.77306
0.746169
0.909323
0.882524
0.774862
0.93298
0.449743
0.890972
0.367237
0.838028
0.966069
0.857181
0.885171
0.850026
0.416672
0.600279
0.553859
0.532608
0.708435
0.794437
0.65723
0.972478
0.616514
0.613777
0.979249
0.991081
0.845599
0.784323
0.605284
0.519804
0.888507
0.957899
0.881433
0.656602
0.92875
0.745104
0.884742
0.898327
0.359734
0.985196
0.979213
0.948188
0.746163
0.501227
0.950659
0.615439
0.625967
0.688826
0.665935
0.563675
0.514515
0.356843
0.923157
0.798224
0.978378
0.789916
0.474578
0.671996
0.931583
0.555645
0.890741
0.633576
0.523231
0.846692
0.806944
0.855421
0.774868
0.9734
0.984359
0.704569
0.813808
0.418889
0.175126
0.922167
0.95987
0.672872
0.890141
0.552351
0.758708
0.468549
0.701651
0.554749
0.958575
0.8862
0.441673
0.494674
0.20432
0.962767
0.701157
0.75758
0.435324
0.616788
0.61004
0.93538
0.766097
0.238694
0.889644
0.76502
0.777602
0.748986
0.105316
0.78151
0.613089
0.485956
0.926654
0.964512
0.923047
0.92754
0.506566
0.761986
0.948278
0.995454
0.989099
0.895864
0.889505
0.950054
0.885676
0.829111
0.99527
0.745475
0.724162
0.975031
0.987771
0.64647
0.990329
0.445211
0.954359
0.623088
0.892075
0.854123
0.552506
0.875367
0.890996
0.979337
0.949004
0.958709
0.959521
0.786826
0.657858
0.609217
0.554905
0.53696
0.752882
0.897598
0.597492
0.655228
0.983792
0.856211
0.99842
0.691314
0.662532
0.857472
0.969554
0.845729
0.718861
0.27885
0.671571
0.980215
0.597852
0.330608
0.793116
0.601014
0.765638
0.97696
0.92928
0.352183
0.771901
0.955405
0.669581
0.914345
0.976801
0.748001
0.982317
0.958214
0.905465
0.911511
0.719323
0.243474
0.456077
0.57881
0.742137
0.725295
0.617487
0.943821
0.839519
0.70417
0.859851
0.958831
0.749079
0.49114
0.948395
0.71158
0.956324
0.784583
0.725159
0.776856
0.700381
0.395972
0.971213
0.50659
0.849825
0.618341
0.570777
0.880259
0.687172
0.636401
0.986109
0.779271
0.347381
0.846411
0.605418
0.877373
0.588629
0.0994774
0.789631
0.738529
0.766955
0.711419
0.933377
0.931482
0.842156
0.948561
0.834396
0.615276
0.772526
0.615176
0.785007
0.971308
0.392953
0.618479
0.68967
0.957752
0.884721
0.699096
0.96703
0.969593
0.749477
0.982045
0.943526
0.595576
0.946854
0.972644
0.466802
0.739415
0.757277
0.453206
0.702854
0.782031
0.939328
0.856024
0.843289
0.959254
0.344348
0.797376
0.870507
0.772575
0.28496
0.321954
0.479144
0.450217
0.854632
0.890175
0.67454
0.68953
0.907072
0.978349
0.618765
0.486113
0.768525
0.762048
0.639133
0.839879
0.353424
0.899188
0.482417
0.640825
0.33523
0.805138
0.96188
0.969418
0.550853
0.947154
0.761242
0.947557
0.987169
0.526563
0.477158
0.846478
0.77734
0.864991
0.976006
0.732336
0.967133
0.903062
0.394346
0.712998
0.852986
0.184006
0.314503
0.567422
0.610964
0.906187
0.736374
0.992314
0.558785
0.462206
0.745664
0.312946
0.819219
0.973178
0.243211
0.321452
0.701073
0.295321
0.455945
0.602322
0.955246
0.963125
0.808724
0.986174
0.693664
0.936323
0.649646
0.728191
0.856063
0.89876
0.765111
0.781208
0.978748
0.534287
0.774029
0.814731
0.652502
0.837087
0.977635
0.871819
0.86274
0.768942
0.925847
0.708753
0.838784
0.432118
0.428293
0.834877
0.818277
0.635276
0.828895
0.904544
0.681274
0.842758
0.495541
0.46959
0.93502
0.660491
0.959215
0.719763
0.992864
0.666812
0.881186
0.824679
0.926433
0.975617
0.767188
0.513359
0.585365
0.963975
0.91802
0.766036
0.835363
0.857296
0.354296
0.971517
0.535941
0.66132
0.997821
0.994878
0.5884
0.907752
0.883377
0.948399
0.907591
0.526207
0.888579
0.563192
0.520044
0.768883
0.924081
0.83556
0.631544
0.935271
0.390799
0.767523
0.850512
0.840933
0.93307
0.900114
0.780628
0.838539
0.64956
0.589971
0.670477
0.87314
0.726261
0.996399
0.6547
0.813071
0.73236
0.972886
0.784775
0.787826
0.590784
0.883732
0.971822
0.770759
0.450799
0.718501
0.993644
0.649041
0.390904
0.947979
0.975052
0.745818
0.805178
0.945937
0.827233
0.686994
0.919848
0.954737
0.882427
0.923601
0.380645
0.930513
0.904269
0.73422
0.878989
0.537421
0.837234
0.629421
0.637718
0.837594
0.942317
0.923932
0.886953
0.79216
0.664763
0.475663
0.448736
0.582901
0.71808
0.46371
0.872018
0.967935
0.537168
0.875178
0.652674
0.931198
0.516342
0.812258
0.735846
0.7893
0.800278
0.630545
0.656185
0.978503
0.894149
0.914949
0.648183
0.904194
0.547921
0.482975
0.627946
0.849679
0.90284
0.834546
0.928752
0.53495
0.986239
0.688852
0.419085
0.881015
0.778281
0.990041
0.746581
0.987066
0.975589
0.987881
0.356942
0.855265
0.553656
0.915411
0.480309
0.681304
0.793007
0.590133
0.922876
0.836561
0.781741
0.898705
0.832434
0.511378
0.984731
0.858633
0.970553
0.652373
0.898566
0.770135
0.871494
0.901359
0.550123
0.851176
0.722069
0.435407
0.812784
0.858716
0.674679
0.910223
0.799706
0.736996
0.567886
0.976994
0.906225
0.524481
0.988407
0.872127
0.905641
0.417327
0.301116
0.618516
0.692657
0.774809
0.751487
0.577766
0.757631
0.702234
0.746024
0.430508
0.949146
0.582625
0.76734
0.52805
0.879275
0.965459
0.727229
0.51726
0.97221
0.803879
0.727188
0.817512
0.69778
0.650312
0.741658
0.645081
0.669825
0.971347
0.685721
0.926377
0.662807
0.299933
0.691736
0.742146
0.92324
0.659367
0.819999
0.913214
0.611296
0.545926
0.873447
0.838782
0.966625
0.81069
0.596731
0.702188
0.855583
0.626656
0.962612
0.937463
0.974496
0.717942
0.799059
0.368367
0.79806
0.886949
0.751186
0.663132
0.884837
0.905091
0.816041
0.922466
0.533926
0.88726
0.747288
0.882105
0.682942
0.957772
0.929512
0.433185
0.944527
0.892227
0.479229
0.466443
0.927851
0.5856
0.913232
0.993832
0.947189
0.85904
0.809028
0.285102
0.537327
0.641078
0.58187
0.753056
0.67192
0.803592
0.748289
0.903679
0.749621
0.852422
0.742756
0.872804
0.789011
0.728847
0.895764
0.812433
0.925559
0.929962
0.885281
0.704291
0.787075
0.710599
0.88368
0.971157
0.464611
0.702957
0.434758
0.70053
0.429153
0.927178
0.889149
0.935284
0.65525
0.664536
0.983739
0.702498
0.574922
0.899297
0.790814
0.65299
0.780404
0.542001
0.577301
0.909097
0.450821
0.947387
0.992078
0.701537
0.622146
0.955907
0.962872
0.727678
0.217887
0.976529
0.966384
0.136436
0.865143
0.679876
0.51552
0.923412
0.939706
0.428645
0.855601
0.639191
0.51814
0.341554
0.901562
0.836245
0.961182
0.817349
0.99865
0.602666
0.848105
0.933706
0.569689
0.393397
0.608196
0.700511
0.900767
0.364132
0.209907
0.946969
0.982519
0.886454
0.856065
0.86918
0.817844
0.870553
0.685052
0.892455
0.916698
0.614903
0.465988
0.761258
0.610312
0.845248
0.876045
0.734528
0.731335
0.634733
0.879083
0.568251
0.803581
0.696644
0.939134
0.855814
0.949669
0.764958
0.672928
0.329938
0.938759
0.392021
0.59518
0.827647
0.406816
0.870527
0.410109
0.793919
0.886241
0.927457
0.656141
0.674633
0.887942
0.497894
0.643778
0.854706
0.362854
0.972724
0.861752
0.954845
0.737778
0.972436
0.162044
0.607711
0.74811
0.53776
0.792786
0.915773
0.629145
0.896334
0.908247
0.940861
0.747582
0.966299
0.83332
0.966532
0.863165
0.222182
0.771336
0.811411
0.775911
0.630802
0.415391
0.923067
0.606533
0.60138
0.861359
0.725799
0.687711
0.529458
0.478715
0.670927
0.882183
0.990223
0.903385
0.862257
0.405367
0.851191
0.55532
0.73956
0.906577
0.433271
0.312352
0.827003
0.939427
0.523796
0.997178
0.491937
0.993415
0.808652
0.641328
0.729244
0.723763
0.881062
0.687698
0.448192
0.982428
0.981407
0.803903
0.662589
0.793511
0.441847
0.499114
0.70963
0.925676
0.889787
0.59793
0.850338
0.867737
0.871893
0.380371
0.662891
0.955808
0.786683
0.851062
0.610033
0.316315
0.998586
0.706818
0.787906
0.463446
0.918688
0.80618
0.797324
0.709546
0.973607
0.756661
0.674975
0.778847
0.405777
0.366054
0.660639
0.478761
0.965157
0.120136
0.9893
0.9612
0.639304
0.501439
0.123405
0.723327
0.536989
0.389577
0.946668
0.69236
0.755704
0.770906
0.862411
0.627252
0.787247
0.458597
0.71469
0.263402
0.886279
0.500328
0.983985
0.957787
0.721285
0.741413
0.257826
0.872649
0.91835
0.776502
0.474241
0.8679
0.736026
0.875649
0.854582
0.753011
0.52202
0.789289
0.992926
0.826461
0.0753577
0.937203
0.904643
0.833096
0.699862
0.94912
0.332554
0.598047
0.801207
0.56462
0.999939
0.803677
0.944345
0.889836
0.858466
0.937613
0.741572
0.860428
0.97217
0.586691
0.650496
0.776341
0.910999
0.75167
0.858939
0.458558
0.931634
0.893311
0.511475
0.733401
0.719024
0.96908
0.821949
0.796539
0.871734
0.957081
0.816427
0.882029
0.919325
0.837093
0.456862
0.934728
0.767482
0.295432
0.82894
0.499406
0.925088
0.503227
0.562493
0.753027
0.806667
0.827943
0.525838
0.830556
0.283632
0.573348
0.747665
0.801504
0.638818
0.421521
0.286139
0.858659
0.33272
0.876848
0.380151
0.850767
0.801994
0.970692
0.885682
0.483272
0.70117
0.395029
0.694962
0.844384
0.996949
0.905202
0.85864
0.792519
0.953738
0.972653
0.680365
0.228278
0.767416
0.94889
0.827347
0.901934
0.387017
0.896882
0.996225
0.88186
0.957808
0.905904
0.809556
0.746398
0.945092
0.818588
0.531369
0.547022
0.968873
0.844935
0.586007
0.998161
0.61516
0.665796
0.524397
0.990323
0.306989
0.753703
0.228863
0.78101
0.910985
0.919098
0.802583
0.523363
0.571317
0.754117
0.802181
0.750408
0.697521
0.181135
0.46309
0.691623
0.59676
0.934758
0.933967
0.842591
0.748686
0.701821
0.691908
0.311115
0.736096
0.997688
0.614525
0.822097
0.593462
0.659796
0.988716
0.636416
0.204741
0.982591
0.844635
0.972318
0.896651
0.935497
0.875419
0.938807
0.438678
0.482222
0.984038
0.895963
0.945559
0.631035
0.728147
0.999145
0.898127
0.674214
0.839441
0.981962
0.808975
0.99667
0.983608
0.685805
0.452843
0.810325
0.996007
0.833449
0.942909
0.595709
0.85611
0.8862
0.809592
0.907627
0.900778
0.906519
0.849109
0.932024
0.928117
0.784167
0.967878
0.72089
0.967315
0.996365
0.611957
0.989265
0.233322
0.884257
0.87366
0.604372
0.898592
0.935321
0.855022
0.889493
0.588889
0.885318
0.871638
0.56248
0.950184
0.922904
0.585936
0.753873
0.962603
0.872497
0.897838
0.969798
0.980903
0.807595
0.949183
0.815241
0.992791
0.585036
0.896879
0.433631
0.643857
0.730751
0.757742
0.684501
0.468845
0.956738
0.592915
0.297672
0.690223
0.429163
0.962646
0.965022
0.293323
0.82305
0.758675
0.0514226
0.487762
0.960456
0.855529
0.841596
0.594856
0.728161
0.794883
0.958758
0.863798
0.705078
0.840139
0.880824
0.808327
0.520588
0.724925
0.963665
0.896241
0.873553
0.966713
0.733096
0.758118
0.215032
0.663028
0.534088
0.826913
0.983493
0.541478
0.425407
0.961063
0.609151
0.780206
0.835358
0.927416
0.760947
0.164287
0.963996
0.94242
0.87304
0.968608
0.741919
0.629231
0.786419
0.449271
0.964664
0.302583
0.890009
0.875262
0.962697
0.706441
0.699699
0.79379
0.720873
0.9754
0.576785
0.684242
0.991406
0.961231
0.715876
0.684055
0.853931
0.858238
0.76299
0.590573
0.583887
0.945221
0.963862
0.67521
0.839699
0.929199
0.806567
0.96479
0.975648
0.523209
0.800277
0.910552
0.711178
0.917507
0.654116
0.799299
0.809932
0.606203
0.776396
0.5942
0.920301
0.773241
0.82437
0.983059
0.699889
0.782308
0.75281
0.98167
0.817925
0.759612
0.474995
0.735462
0.796076
0.922061
0.57779
0.996388
0.687243
0.573163
0.772936
0.800852
0.952188
0.971846
0.664451
0.493582
0.957609
0.70739
0.923058
0.397713
0.558738
0.979175
0.810297
0.746197
0.607811
0.889403
0.764436
0.856969
0.905575
0.975851
0.926238
0.671476
0.919443
0.52075
0.904383
0.734685
0.972058
0.834308
0.894135
0.912553
0.427224
0.739809
0.984778
0.587706
0.885212
0.982235
0.463421
0.974826
0.76775
0.664748
0.994246
0.908414
0.705843
0.891187
0.679636
0.57655
0.910133
0.760196
0.775131
0.92265
0.867587
0.960916
0.878189
0.227676
0.913152
0.567744
0.834268
0.827028
0.8249
0.755848
0.395423
0.64604
0.962796
0.838123
0.370653
0.908035
0.62096
0.656835
0.736413
0.861474
0.242677
0.970388
0.893801
0.733566
0.720233
0.514895
0.961575
0.904334
0.646373
0.974791
0.418739
0.569254
0.491204
0.834424
0.661853
0.779243
0.615674
0.717429
0.870913
0.815397
0.78481
0.842019
0.768525
0.661535
0.715806
0.645961
0.847546
0.951449
0.851596
0.967962
0.642981
0.791007
0.877081
0.720496
0.865623
0.947048
0.883864
0.854765
0.716843
0.611019
0.302124
0.452417
0.752067
0.56687
0.996343
0.718753
0.900654
0.821032
0.817817
0.910889
0.635419
0.452863
0.978537
0.847581
0.918221
0.721594
0.972421
0.952653
0.223429
0.900893
0.75185
0.877342
0.942414
0.952421
0.958269
0.541614
0.79081
0.797376
0.760413
0.730246
0.450703
0.960144
0.824689
0.824357
0.58983
0.971316
0.831703
0.816659
0.497484
0.655634
0.531749
0.735364
0.782023
0.959838
0.810634
0.914709
0.971275
0.665994
0.67763
0.662443
0.37158
0.551557
0.860981
0.541859
0.908037
0.850934
0.628154
0.759833
0.61082
0.479256
0.655909
0.187896
0.962596
0.75188
0.591423
0.344492
0.930966
0.681828
0.896427
0.958477
0.852412
0.583077
0.66189
0.575562
0.784469
0.730185
0.868875
0.638969
0.84103
0.942708
0.562686
0.339022
0.961503
0.72987
0.537512
0.853356
0.815646
0.910713
0.931121
0.893489
0.579071
0.571831
0.887299
0.809133
0.437837
0.909545
0.751781
0.923802
0.675837
0.754819
0.606078
0.773032
0.979007
0.802166
0.565186
0.923006
0.683729
0.624961
0.952749
0.788077
0.651783
0.976155
0.406708
0.833809
0.864154
0.651342
0.812745
0.525716
0.899709
0.716357
0.86217
0.71467
0.813958
0.552026
0.605723
0.940391
0.968232
0.470374
0.768551
0.964503
0.750147
0.975701
0.855205
0.92398
0.603976
0.622482
0.739606
0.43535
0.470927
0.902243
0.503676
0.699794
0.990181
0.911613
0.976715
0.966795
0.904495
0.960273
0.130703
0.38619
0.908959
0.620028
0.36888
0.914961
0.995158
0.816606
0.813983
0.658988
0.965088
0.704534
0.877081
0.816684
0.80635
0.961923
0.728641
0.688806
0.734835
0.695921
0.525702
0.608153
0.995656
0.63564
0.931125
0.819302
0.628955
0.680475
0.479792
0.732515
0.780777
0.801056
0.934813
0.377479
0.648512
0.800758
0.77896
0.641804
0.8494
0.629744
0.749963
0.734074
0.862336
0.730142
0.98415
0.960972
0.946849
0.808794
0.804659
0.900107
0.791696
0.981107
0.730287
0.64268
0.765428
0.899522
0.706081
0.601421
0.586099
0.721842
0.602114
0.800942
0.577099
0.553258
0.727456
0.548733
0.847341
0.818154
0.198776
0.800797
0.581918
0.607958
0.785075
0.966354
0.887591
0.81618
0.861176
0.637567
0.676392
0.944223
0.70559
0.845018
0.636822
0.452427
0.386582
0.869754
0.847279
0.794175
0.601805
0.676791
0.880006
0.939478
0.925449
0.382037
0.633914
0.491119
0.400702
0.764897
0.489742
0.988341
0.94788
0.884157
0.917487
0.628937
0.886158
0.639497
0.699012
0.925579
0.922161
0.976671
0.26138
0.992256
0.899161
0.895483
0.935935
0.971177
0.710465
0.73699
0.479165
0.873485
0.92929
0.9587
0.788471
0.95353
0.906395
0.793296
0.817799
0.671006
0.914117
0.676114
0.52464
0.885735
0.79132
0.893662
0.725069
0.867103
0.712298
0.623008
0.948686
0.502944
0.875526
0.737573
0.491708
0.642285
0.889081
0.856396
0.856996
0.440855
0.899244
0.987437
0.604815
0.682281
0.871149
0.878994
0.510611
0.770591
0.842185
0.856781
0.985582
0.933024
0.932356
0.416455
0.842765
0.961331
0.917802
0.938435
0.929208
0.294241
0.563074
0.754391
0.943248
0.912697
0.859351
0.643227
0.277134
0.850124
0.704307
0.833733
0.871986
0.861447
0.826353
0.699062
0.702388
0.445905
0.856279
0.395651
0.887467
0.901598
0.97005
0.77001
0.700537
0.755407
0.781798
0.904509
0.869206
0.827259
0.494463
0.798608
0.844553
0.162459
0.741524
0.834006
0.707036
0.674543
0.790086
0.941025
0.919771
0.663581
0.596015
0.837683
0.603837
0.9005
0.947546
0.860692
0.48562
0.9342
0.889501
0.761106
0.750406
0.852072
0.70583
0.349579
0.182287
0.6502
0.892407
0.624633
0.591976
0.925716
0.874196
0.925079
0.856207
0.618601
0.403322
0.815133
0.266658
0.942747
0.912189
0.712273
0.999626
0.461733
0.388951
0.821547
0.974362
0.388652
0.845658
0.726188
0.393156
0.757282
0.580121
0.719154
0.743797
0.873577
0.990984
0.970633
0.996235
0.722764
0.868549
0.207404
0.434598
0.971555
0.537655
0.792681
0.773166
0.663631
0.853358
0.61597
0.74436
0.91094
0.988571
0.868552
0.779981
0.982126
0.380387
0.963102
0.976789
0.872927
0.848103
0.811544
0.534275
0.435202
0.402484
0.762005
0.871355
0.969819
0.949173
0.950534
0.923088
0.477074
0.613006
0.98272
0.811766
0.561994
0.976747
0.904464
0.47409
0.972846
0.826823
0.446476
0.870992
0.518331
0.850496
0.926752
0.557873
0.974071
0.970742
0.822249
0.408693
0.844392
0.750434
0.866855
0.794702
0.814069
0.415046
0.957822
0.998411
0.894601
0.715446
0.903235
0.88121
0.917934
0.726514
0.853975
0.996212
0.98705
0.84993
0.63978
0.848907
0.663791
0.803079
0.755624
0.952436
0.538291
0.612871
0.913153
0.945509
0.490156
0.971786
0.76862
0.0959366
0.377338
0.98312
0.964054
0.970613
0.630675
0.439368
0.665696
0.494813
0.563336
0.783525
0.997045
0.731739
0.509886
0.422906
0.266708
0.773107
0.909266
0.633281
0.800935
0.992335
0.916836
0.946706
0.679911
0.7393
0.221318
0.952552
0.875284
0.850217
0.871655
0.977737
0.43535
0.770641
0.553199
0.774744
0.633196
0.910248
0.834272
0.981439
0.501586
0.60626
0.951514
0.913863
0.212692
0.968045
0.716601
0.520531
0.770646
0.636565
0.448085
0.435536
0.979512
0.886553
0.710334
0.844201
0.435759
0.44684
0.194044
0.885513
0.837089
0.407917
0.752478
0.446874
0.921999
0.801896
0.98892
0.941882
0.645755
0.929789
0.603004
0.649217
0.901496
0.671595
0.475517
0.733092
0.863645
0.676323
0.852589
0.487526
0.99307
0.943681
0.808826
0.953321
0.782979
0.930382
0.840964
0.643393
0.757087
0.651822
0.592563
0.77791
0.970758
0.231165
0.845968
0.802873
0.885715
0.673873
0.936947
0.795902
0.463974
0.819868
0.915462
0.991972
0.947072
0.683892
0.799834
0.784027
0.973671
0.804198
0.925588
0.637886
0.88824
0.867148
0.464351
0.821807
0.579762
0.794568
0.897327
0.894961
0.909662
0.243918
0.821275
0.732594
0.942696
0.476912
0.608036
0.759018
0.836275
0.830659
0.767727
0.856306
0.95948
0.698809
0.951637
0.503339
0.914441
0.876265
0.516516
0.477103
0.909912
0.888066
0.803226
0.389751
0.964008
0.966452
0.86671
0.919871
0.846184
0.284692
0.891523
0.743658
0.723457
0.511852
0.655801
0.753443
0.68919
0.897672
0.343241
0.461346
0.971019
0.90884
0.676092
0.908666
0.970591
0.648786
0.918226
0.985761
0.759265
0.662017
0.564475
0.609219
0.660012
0.937276
0.530189
0.97217
0.452149
0.912808
0.794527
0.888134
0.629539
0.918811
0.345423
0.615938
0.844518
0.660046
0.92474
0.913752
0.929643
0.683083
0.738495
0.43817
0.835703
0.689142
0.791846
0.995621
0.980481
0.856548
0.695058
0.94257
0.591075
0.826298
0.54679
0.681899
0.833403
0.876942
0.883315
0.92318
0.797568
0.337555
0.874809
0.792975
0.751369
0.991719
0.386917
0.896654
0.440286
0.704824
0.948858
0.947718
0.918593
0.62058
0.939852
0.669463
0.821006
0.828934
0.719732
0.828664
0.916876
0.924488
0.420807
0.80878
0.769758
0.673741
0.905906
0.765432
0.326949
0.973811
0.945357
0.975736
0.580066
0.987515
0.447971
0.565484
0.567094
0.903435
0.873942
0.99545
0.0139573
0.769179
0.504404
0.448522
0.798581
0.84443
0.978023
0.920381
0.751852
0.782165
0.372183
0.735814
0.862491
0.912918
0.684088
0.682955
0.816561
0.7205
0.664085
0.349081
0.784863
0.883862
0.52208
0.805344
0.882317
0.863285
0.935343
0.893561
0.772729
0.818268
0.842654
0.825779
0.912777
0.667693
0.617399
0.972301
0.543825
0.683133
0.894853
0.969102
0.912379
0.888911
0.592745
0.752697
0.879243
0.978538
0.896315
0.675818
0.932628
0.727338
0.876056
0.95235
0.86909
0.435063
0.844413
0.291133
0.575698
0.850223
0.864007
0.983792
0.969611
0.739294
0.939689
0.809329
0.513581
0.870365
0.710989
0.952947
0.615302
0.817689
0.993817
0.950949
0.99935
0.515112
0.941974
0.811512
0.946874
0.99854
0.971603
0.960441
0.662466
0.541835
0.922927
0.870834
0.938738
0.748817
0.863518
0.760107
0.257238
0.31469
0.805232
0.912203
0.839667
0.565593
0.651274
0.807985
0.702355
0.883661
0.830775
0.677455
0.759846
0.739423
0.489078
0.861453
0.811232
0.949657
0.846267
0.6156
0.74896
0.654286
0.647697
0.394689
0.69136
0.828865
0.699301
0.92847
0.991243
0.9714
0.991115
0.711172
0.806359
0.834947
0.306528
0.877377
0.636131
0.671278
0.831086
0.712225
0.695161
0.722012
0.883497
0.904884
0.976622
0.888293
0.731076
0.66418
0.988533
0.263342
0.980222
0.944112
0.616388
0.48537
0.544125
0.919497
0.909061
0.67594
0.773928
0.475082
0.989207
0.856323
0.882726
0.428251
0.918083
0.971117
0.73675
0.653021
0.862779
0.776003
0.990305
0.961537
0.76675
0.871552
0.773313
0.576977
0.780617
0.552801
0.484459
0.993396
0.879821
0.748813
0.969548
0.929634
0.43444
0.296997
0.806641
0.997871
0.771337
0.870457
0.980197
0.823797
0.688725
0.971573
0.926542
0.897489
0.409932
0.78028
0.955582
0.891911
0.829009
0.860437
0.899853
0.775447
0.458637
0.975153
0.964943
0.783489
0.668583
0.952415
0.99026
0.534508
0.843504
0.755298
0.829165
0.570875
0.749644
0.99127
0.864123
0.950613
0.956836
0.264753
0.723665
0.380316
0.926937
0.439629
0.734308
0.98665
0.588379
0.569046
0.537766
0.726554
0.413025
0.86479
0.9842
0.335334
0.98052
0.389326
0.733928
0.901918
0.807312
0.852517
0.804897
0.825368
0.655382
0.146077
0.786272
0.895573
0.486731
0.435807
0.61006
0.181056
0.864103
0.872738
0.356674
0.981108
0.664086
0.945874
0.710146
0.702435
0.733959
0.840937
0.590488
0.408746
0.492344
0.750076
0.785127
0.77137
0.679495
0.157045
0.739084
0.77645
0.960198
0.889928
0.752644
0.85258
0.656142
0.976177
0.854814
0.96969
0.839302
0.905504
0.716116
0.858175
0.804268
0.918688
0.288123
0.947845
0.719501
0.944533
0.862981
0.900653
0.988971
0.483996
0.822432
0.550168
0.699306
0.90241
0.397283
0.805874
0.427777
0.201569
0.721293
0.707898
0.935977
0.785312
0.744652
0.90633
0.638003
0.290544
0.79396
0.767573
0.807075
0.790169
0.583706
0.980671
0.816718
0.773973
0.95169
0.818268
0.940623
0.737086
0.570555
0.409936
0.652789
0.67974
0.64625
0.962257
0.644339
0.587554
0.757507
0.707182
0.337256
0.677611
0.654347
0.969276
0.725896
0.329316
0.668363
0.773563
0.961847
0.508373
0.436501
0.776123
0.630096
0.997638
0.962965
0.652193
0.776427
0.974911
0.97533
0.636464
0.858278
0.971238
0.958173
0.980409
0.992549
0.950317
0.827072
0.810665
0.930348
0.6725
0.910919
0.446876
0.857916
0.631709
0.880302
0.95477
0.796128
0.941145
0.299456
0.67918
0.47089
0.768165
0.887272
0.762015
0.873807
0.692888
0.983564
0.730854
0.837107
0.932773
0.478787
0.521381
0.548403
0.444978
0.746921
0.934782
0.76139
0.797983
0.979113
0.728048
0.938384
0.991944
0.951723
0.653777
0.761034
0.662312
0.791896
0.9346
0.86889
0.963535
0.512564
0.969186
0.880539
0.989599
0.783986
0.816844
0.318206
0.884358
0.934122
0.537792
0.876526
0.579524
0.716203
0.612887
0.804794
0.747311
0.624037
0.775029
0.590678
0.67225
0.994057
0.578089
0.798125
0.644444
0.888092
0.848879
0.925701
0.243188
0.967541
0.863058
0.985783
0.864458
0.292683
0.9666
0.523787
0.675134
0.622192
0.87874
0.954338
0.892761
0.617047
0.602948
0.867129
0.962376
0.857314
0.917355
0.991217
0.872679
0.658606
0.706576
0.676865
0.936631
0.819916
0.794995
0.548826
0.746774
0.992235
0.816788
0.853249
0.361046
0.707783
0.233655
0.849906
0.37789
0.83084
0.717339
0.927555
0.857864
0.878396
0.661569
0.622286
0.548171
0.804205
0.749613
0.988482
0.832667
0.395077
0.717646
0.891304
0.57459
0.95259
0.749638
0.920203
0.636275
0.706682
0.996641
0.612819
0.913179
0.761938
0.924175
0.938038
0.696177
0.474349
0.800571
0.988862
0.715056
0.885745
0.509767
0.943269
0.511574
0.945012
0.292645
0.587791
0.888544
0.690805
0.285459
0.969703
0.408602
0.56855
0.854211
0.8828
0.901233
0.524299
0.563131
0.776141
0.403583
0.666436
0.73015
0.737294
0.743741
0.626709
0.738074
0.865123
0.978947
0.567276
0.99212
0.681373
0.921891
0.292042
0.116664
0.417308
0.938815
0.490715
0.41696
0.758716
0.843634
0.941577
0.521615
0.802255
0.650708
0.987054
0.93182
0.362834
0.943245
0.826444
0.677079
0.853937
0.825126
0.781671
0.817808
0.659396
0.185051
0.920527
0.569864
0.902029
0.659422
0.848611
0.983572
0.839642
0.794816
0.93945
0.337801
0.802394
0.776845
0.478324
0.897694
0.725999
0.478651
0.975889
0.404075
0.558671
0.900727
0.929832
0.962627
0.707243
0.624664
0.946713
0.79193
0.301677
0.316048
0.84671
0.767845
0.896343
0.945284
0.78252
0.934613
0.54451
0.829867
0.341474
0.492275
0.994006
0.700397
0.735649
0.635855
0.748312
0.573173
0.907462
0.943297
0.982246
0.620633
0.949973
0.873191
0.902861
0.91012
0.737723
0.636461
0.829742
0.821918
0.858047
0.661305
0.967836
0.927794
0.295198
0.71241
0.920522
0.860096
0.625962
0.941138
0.587949
0.594667
0.905737
0.315862
0.775836
0.973361
0.306338
0.821252
0.871351
0.932068
0.320577
0.996894
0.202279
0.825768
0.999056
0.59632
0.575722
0.98661
0.940092
0.864042
0.340711
0.859054
0.705352
0.851478
0.851918
0.616309
0.886001
0.925109
0.337327
0.982584
0.982455
0.988128
0.718027
0.997929
0.407104
0.958078
0.989904
0.652989
0.936864
0.972347
0.795737
0.809332
0.910445
0.528298
0.986732
0.377121
0.851231
0.768421
0.827473
0.252953
0.549128
0.783881
0.939987
0.900635
0.516622
0.961271
0.816062
0.77727
0.851243
0.840152
0.634725
0.85593
0.751375
0.566606
0.763252
0.259512
0.706701
0.835581
0.99988
0.896956
0.998432
0.925481
0.798985
0.776442
0.999443
0.275688
0.905202
0.797913
0.719537
0.346609
0.410263
0.975955
0.575002
0.658772
0.535832
0.840893
0.449736
0.688576
0.569835
0.940859
0.984645
0.475538
0.53427
0.912037
0.733529
0.798482
0.806252
0.936734
0.681586
0.795488
0.655704
0.868479
0.713512
0.839678
0.783128
0.676796
0.853866
0.687529
0.473581
0.648158
0.888513
0.73466
0.892783
0.59532
0.916129
0.624169
0.955362
0.560226
0.771585
0.903501
0.979651
0.873896
0.980271
0.768123
0.905489
0.610825
0.618193
0.959673
0.350727
0.790557
0.907362
0.611545
0.786055
0.420028
0.661102
0.849024
0.506921
0.972827
0.763855
0.620623
0.515311
0.896614
0.647719
0.597801
0.99748
0.691146
0.941462
0.924349
0.767322
0.501116
0.718355
0.564946
0.987864
0.971056
0.511848
0.928599
0.896572
0.731527
0.822907
0.574916
0.328223
0.706567
0.904367
0.692184
0.973355
0.993206
0.559671
0.678378
0.990938
0.507773
0.828239
0.733012
0.979278
0.995207
0.733671
0.937562
0.646827
0.925418
0.531069
0.585195
0.684872
0.688097
0.9966
0.625994
0.793772
0.754956
0.754203
0.601291
0.938351
0.876281
0.804068
0.634479
0.934129
0.746081
0.925375
0.97151
0.847664
0.975779
0.923918
0.872099
0.913177
0.73804
0.739982
0.785091
0.92846
0.583721
0.841478
0.928519
0.84845
0.730473
0.231754
0.997585
0.978396
0.984401
0.836669
0.477874
0.743303
0.702493
0.468002
0.947815
0.964749
0.97284
0.995079
0.755804
0.470177
0.992991
0.449034
0.863433
0.741271
0.230909
0.96557
0.549484
0.282964
0.430635
0.840627
0.885983
0.783619
0.885108
0.983912
0.947124
0.837452
0.936861
0.988623
0.723027
0.463048
0.564802
0.900747
0.744625
0.571479
0.398425
0.630301
0.572897
0.563643
0.616234
0.410241
0.827301
0.794265
0.834048
0.923867
0.67633
0.912418
0.803811
0.533596
0.766061
0.619893
0.785179
0.788925
0.893946
0.96484
0.907873
0.996738
0.78681
0.788366
0.811544
0.780392
0.978643
0.984235
0.850398
0.47497
0.857404
0.940558
0.949542
0.240423
0.726863
0.688062
0.994662
0.857324
0.962619
0.94997
0.978029
0.987535
0.427485
0.334282
0.906715
0.661328
0.737725
0.56688
0.966357
0.799712
0.753917
0.956213
0.778775
0.863323
0.975935
0.924805
0.670226
0.851246
0.990404
0.780949
0.959791
0.779755
0.6291
0.9168
0.816859
0.861167
0.854987
0.946095
0.887875
0.772826
0.822365
0.904171
0.840323
0.652155
0.951767
0.772482
0.933106
0.538447
0.801276
0.993308
0.657972
0.655389
0.484143
0.882874
0.906565
0.698337
0.730064
0.951091
0.914659
0.872329
0.761614
0.984491
0.993904
0.707656
0.857785
0.803722
0.875103
0.8168
0.48391
0.614127
0.562622
0.629628
0.464115
0.5079
0.54389
0.605717
0.518549
0.929161
0.90244
0.883049
0.991548
0.654949
0.789568
0.700235
0.799445
0.795797
0.867563
0.627001
0.821077
0.984708
0.999185
0.855754
0.948835
0.713017
0.910739
0.663745
0.683146
0.969186
0.961338
0.893411
0.791162
0.934995
0.844388
0.99289
0.49052
0.897749
0.866698
0.927297
0.364289
0.901403
0.779435
0.701165
0.526487
0.935393
0.849792
0.525716
0.673636
0.462734
0.908106
0.931035
0.924642
0.599838
0.893304
0.885118
0.505624
0.723456
0.615546
0.948828
0.796426
0.832273
0.672617
0.643177
0.996391
0.787335
0.781701
0.574546
0.578111
0.633027
0.951023
0.56685
0.663674
0.835398
0.958635
0.889638
0.802368
0.743924
0.789258
0.986729
0.652813
0.787669
0.720382
0.811563
0.931612
0.81047
0.979152
0.490048
0.925979
0.684955
0.378528
0.794543
0.3896
0.807168
0.956859
0.90729
0.671756
0.848088
0.99695
0.72488
0.698313
0.753747
0.478191
0.670956
0.876805
0.728405
0.6911
0.999997
0.769154
0.959641
0.848198
0.8872
0.892124
0.369759
0.843103
0.853487
0.489534
0.556614
0.914408
0.876895
0.517833
0.631148
0.889733
0.599382
0.628334
0.762395
0.80495
0.731034
0.688102
0.792088
0.894249
0.905382
0.428929
0.912671
0.997331
0.888317
0.894494
0.323931
0.760193
0.894954
0.235315
0.70731
0.926851
0.899107
0.835687
0.784537
0.957446
0.878426
0.9573
0.571537
0.7992
0.975127
0.792131
0.722272
0.661543
0.997293
0.335573
0.841223
0.612712
0.791329
0.967009
0.98304
0.622603
0.821684
0.953228
0.638028
0.59412
0.944733
0.569635
0.709686
0.561301
0.479665
0.91766
0.75525
0.447089
0.872811
0.594923
0.851474
0.551647
0.7127
0.925729
0.936801
0.364631
0.665362
0.730043
0.784951
0.95417
0.754993
0.727251
0.519195
0.665562
0.800449
0.990721
0.972947
0.938777
0.798044
0.620208
0.982317
0.81035
0.704396
0.858315
0.653082
0.663857
0.912482
0.845243
0.977286
0.578022
0.701341
0.536691
0.590368
0.64707
0.779026
0.645722
0.92036
0.762569
0.910219
0.462145
0.639356
0.842145
0.813044
0.823722
0.973849
0.832451
0.610962
0.817355
0.99544
0.0875827
0.930593
0.907693
0.864531
0.854295
0.755007
0.932701
0.821973
0.892158
0.417315
0.902727
0.684901
0.654121
0.733429
0.629782
0.618095
0.495634
0.98011
0.741104
0.405001
0.896115
0.92497
0.541144
0.747848
0.750614
0.301774
0.754786
0.878591
0.983855
0.39529
0.787095
0.658247
0.341463
0.935441
0.813871
0.799848
0.788725
0.855943
0.694857
0.737246
0.691922
0.955262
0.482807
0.756174
0.922134
0.949636
0.696283
0.967725
0.761678
0.988796
0.804667
0.94315
0.942457
0.569277
0.904275
0.884784
0.608693
0.920611
0.791246
0.867884
0.422023
0.761498
0.73573
0.79921
0.905191
0.609436
0.489274
0.706465
0.788483
0.773046
0.841482
0.942208
0.686764
0.959474
0.690399
0.868612
0.768581
0.716658
0.760284
0.696416
0.675899
0.967938
0.735076
0.504474
0.882966
0.848152
0.880945
0.818889
0.681741
0.833512
0.246504
0.949442
0.891768
0.916214
0.829714
0.826952
0.535187
0.946973
0.878935
0.684849
0.860636
0.952652
0.616865
0.916685
0.818677
0.78576
0.877707
0.913832
0.767232
0.952873
0.829718
0.721009
0.920487
0.85683
0.884538
0.739623
0.714073
0.677171
0.66103
0.783581
0.899066
0.965846
0.770925
0.899985
0.996644
0.897577
0.795194
0.768945
0.331715
0.852263
0.632062
0.92758
0.72553
0.975003
0.980196
0.494319
0.859795
0.410791
0.914991
0.706731
0.813312
0.884407
0.813324
0.47209
0.561628
0.832204
0.922525
0.951422
0.957339
0.910382
0.99545
0.145448
0.970886
0.952015
0.297907
0.925616
0.995197
0.9685
0.812821
0.990162
0.538001
0.950902
0.902785
0.888225
0.745565
0.947744
0.598222
0.832114
0.71377
0.704993
0.968548
0.953547
0.885961
0.858019
0.314127
0.795495
0.599049
0.745693
0.996714
0.740147
0.903403
0.798452
0.398383
0.882116
0.865847
0.757377
0.976948
0.715773
0.832513
0.719992
0.914417
0.225332
0.783107
0.531477
0.795856
0.465017
0.599311
0.955341
0.61801
0.986782
0.932126
0.865315
0.93372
0.777635
0.912334
0.536822
0.672788
0.340432
0.88182
0.807559
0.511187
0.95451
0.665333
0.350823
0.187801
0.892484
0.896782
0.933329
0.920004
0.90175
0.791113
0.803103
0.920014
0.674462
0.779937
0.905259
0.783413
0.95251
0.49908
0.994852
0.281326
0.853226
0.995457
0.710343
0.926217
0.822829
0.225766
0.932312
0.786953
0.926887
0.584321
0.816797
0.724296
0.724126
0.92913
0.938036
0.625481
0.828639
0.998538
0.948752
0.817064
0.96978
0.907564
0.825948
0.846096
0.831124
0.896926
0.826093
0.769794
0.996153
0.299585
0.857484
0.994526
0.776148
0.759354
0.623297
0.894446
0.589028
0.595424
0.516747
0.951349
0.666548
0.886858
0.544167
0.747249
0.893322
0.986135
0.731335
0.870505
0.918892
0.872578
0.714628
0.844606
0.74456
0.894952
0.798409
0.935665
0.694171
0.838856
0.959867
0.722606
0.95718
0.893309
0.779633
0.899615
0.994066
0.784826
0.799292
0.649222
0.918742
0.983368
0.597129
0.79834
0.752094
0.532223
0.94562
0.929993
0.715604
0.527816
0.394392
0.344439
0.735286
0.613106
0.501443
0.899449
0.919885
0.824862
0.440695
0.812262
0.630639
0.892779
0.602831
0.98501
0.946807
0.836791
0.93964
0.941882
0.885906
0.428785
0.925849
0.889209
0.642437
0.75441
0.911321
0.77155
0.800433
0.405189
0.797023
0.995054
0.50963
0.948932
0.925898
0.898027
0.891366
0.818725
0.612512
0.477803
0.736504
0.52644
0.903686
0.364686
0.997818
0.902676
0.522316
0.839203
0.664175
0.463326
0.829102
0.766702
0.882427
0.458718
0.638419
0.916038
0.715139
0.8128
0.759052
0.847531
0.970155
0.696665
0.986351
0.730352
0.953762
0.970941
0.512902
0.733465
0.857898
0.574795
0.948785
0.88518
0.784169
0.969651
0.966809
0.905633
0.960578
0.861761
0.670758
0.789394
0.496685
0.787901
0.858635
0.968437
0.475529
0.691412
0.703699
0.725398
0.36811
0.844491
0.992817
0.869833
0.639053
0.761358
0.970135
0.995949
0.999871
0.873902
0.391289
0.618289
0.384033
0.342624
0.754544
0.75353
0.75118
0.762221
0.720994
0.563449
0.868909
0.945344
0.894208
0.997637
0.600685
0.377978
0.881431
0.904105
0.710329
0.945991
0.365253
0.940123
0.807139
0.69
0.999867
0.953844
0.798613
0.776153
0.765087
0.620091
0.681141
0.810827
0.540432
0.952584
0.416616
0.875803
0.881485
0.965343
0.685208
0.973524
0.882349
0.687832
0.873474
0.857704
0.541189
0.872629
0.981677
0.496911
0.886407
0.822954
0.518385
0.844454
0.913974
0.970693
0.961454
0.994101
0.948818
0.875222
0.312992
0.900619
0.612626
0.971875
0.985898
0.892703
0.798953
0.796047
0.913562
0.767986
0.893269
0.559002
0.610538
0.849717
0.437225
0.96471
0.92844
0.966748
0.885774
0.5812
0.885537
0.852173
0.54731
0.810442
0.890697
0.883912
0.93357
0.963536
0.965209
0.608878
0.421782
0.543187
0.743791
0.870856
0.726333
0.227067
0.928107
0.937473
0.789687
0.672141
0.82997
0.79741
0.648696
0.897748
0.908527
0.773465
0.817523
0.684861
0.739186
0.525071
0.908437
0.81024
0.844322
0.521563
0.917622
0.829107
0.84974
0.694911
0.726564
0.871657
0.913981
0.994948
0.88832
0.788243
0.562898
0.831745
0.929568
0.626426
0.887235
0.392663
0.927582
0.638502
0.430065
0.969705
0.859157
0.617585
0.705053
0.886827
0.734231
0.985422
0.815711
0.837948
0.798934
0.765664
0.793359
0.667604
0.939212
0.545523
0.807019
0.91068
0.212367
0.853566
0.714486
0.91444
0.888455
0.84082
0.760684
0.643658
0.781098
0.895321
0.794639
0.660985
0.696134
0.386493
0.327853
0.926611
0.880186
0.856381
0.975754
0.943472
0.566091
0.761684
0.845416
0.500442
0.802107
0.964582
0.767442
0.962844
0.996664
0.546863
0.679698
0.925878
0.997236
0.992375
0.989113
0.900631
0.969757
0.941399
0.559846
0.766748
0.656668
0.924432
0.916594
0.699994
0.467633
0.827491
0.865842
0.780781
0.692894
0.382303
0.994772
0.621361
0.903991
0.819957
0.872515
0.371889
0.886147
0.906517
0.57087
0.941421
0.877198
0.46588
0.749291
0.811125
0.899957
0.776745
0.495615
0.830626
0.754217
0.664439
0.987091
0.926835
0.631393
0.846288
0.729728
0.772078
0.727602
0.738231
0.999551
0.723194
0.829337
0.39729
0.716177
0.452445
0.791975
0.986543
0.887943
0.693902
0.482907
0.291587
0.773547
0.659864
0.492294
0.849382
0.975732
0.78979
0.847425
0.942942
0.625112
0.867045
0.815506
0.807852
0.312721
0.583451
0.834788
0.985857
0.864687
0.0813245
0.884757
0.850126
0.979789
0.722265
0.855913
0.731825
0.661947
0.60672
0.858744
0.296017
0.687982
0.498281
0.895078
0.978341
0.686792
0.983258
0.732301
0.509534
0.99105
0.93218
0.439413
0.842306
0.476547
0.744626
0.885406
0.74122
0.742639
0.759997
0.589086
0.971697
0.790829
0.224456
0.955133
0.883265
0.683515
0.633235
0.760784
0.782237
0.679554
0.867046
0.862303
0.867588
0.947009
0.606982
0.865421
0.664637
0.874426
0.997659
0.797306
0.704076
0.728804
0.723589
0.65207
0.983816
0.937081
0.979848
0.680092
0.618431
0.75826
0.749986
0.991163
0.576943
0.861859
0.487226
0.772703
0.783937
0.639735
0.657151
0.867342
0.963205
0.747368
0.966336
0.839778
0.930524
0.918758
0.559796
0.98061
0.728004
0.883261
0.741319
0.957644
0.325429
0.879111
0.462815
0.817441
0.986342
0.900646
0.800501
0.821676
0.564814
0.41815
0.597662
0.842291
0.745895
0.600064
0.932509
0.709986
0.703904
0.516652
0.565551
0.584191
0.85175
0.971602
0.879432
0.728129
0.851535
0.928114
0.657211
0.552236
0.701331
0.747094
0.389114
0.821933
0.656448
0.770591
0.808738
0.628626
0.946829
0.596405
0.689476
0.960301
0.794317
0.651819
0.262549
0.930157
0.420265
0.817209
0.634953
0.904528
0.844639
0.848418
0.99283
0.941824
0.752997
0.78593
0.839224
0.48134
0.28368
0.424392
0.693832
0.945785
0.467789
0.973892
0.547749
0.966952
0.924522
0.947394
0.521969
0.492697
0.844189
0.487335
0.870311
0.914329
0.647746
0.943645
0.326461
0.87858
0.810384
0.834713
0.934827
0.935773
0.979662
0.832591
0.701016
0.896633
0.777932
0.751225
0.267936
0.553527
0.694641
0.366744
0.85765
0.991567
0.668971
0.571119
0.642769
0.662402
0.425058
0.904351
0.807157
0.921283
0.999914
0.929335
0.925121
0.688112
0.851805
0.727884
0.903443
0.112083
0.80485
0.96841
0.804139
0.228399
0.704302
0.877006
0.761461
0.848483
0.617941
0.795247
0.778378
0.753977
0.447124
0.628219
0.35945
0.778245
0.680082
0.876601
0.757431
0.454183
0.82814
0.644827
0.859341
0.820018
0.772664
0.736889
0.980739
0.680557
0.979383
0.507172
0.395172
0.584451
0.500952
0.985574
0.619806
0.989714
0.416927
0.775534
0.962087
0.23614
0.823453
0.921993
0.969988
0.772433
0.788044
0.976917
0.544823
0.949298
0.683804
0.230996
0.46438
0.773007
0.944646
0.572699
0.866747
0.820652
0.635993
0.64018
0.878499
0.855567
0.938169
0.77011
0.248845
0.816199
0.541155
0.969627
0.967842
0.468936
0.643284
0.782209
0.600391
0.473141
0.646976
0.716649
0.987259
0.724873
0.685643
0.996284
0.379353
0.988791
0.93053
0.409905
0.538729
0.732756
0.83147
0.875731
0.625622
0.713952
0.809413
0.814637
0.937467
0.851429
0.891055
0.638807
0.518113
0.98889
0.430026
0.91219
0.965124
0.443769
0.513364
0.776501
0.790837
0.667474
0.29268
0.996712
0.342207
0.287397
0.973099
0.763533
0.416212
0.848923
0.320776
0.741293
0.743587
0.79282
0.46915
0.81861
0.689772
0.541002
0.956849
0.961316
0.971928
0.898586
0.864865
0.784223
0.994848
0.557251
0.723883
0.83839
0.692502
0.537174
0.940489
0.549388
0.833393
0.346172
0.950669
0.885626
0.779676
0.954693
0.630003
0.887415
0.632705
0.862918
0.532962
0.43263
0.82568
0.730626
0.724469
0.685865
0.458183
0.890234
0.75319
0.978606
0.803585
0.963634
0.466389
0.726599
0.913023
0.30383
0.784202
0.548098
0.952679
0.946958
0.493723
0.951388
0.853424
0.927684
0.521968
0.804079
0.837406
0.800395
0.882613
0.873089
0.960241
0.836938
0.937794
0.331043
0.901845
0.843029
0.552164
0.795293
0.367208
0.610208
0.905689
0.93989
0.427685
0.959687
0.936962
0.90091
0.817927
0.98448
0.801919
0.961226
0.904084
0.854124
0.332984
0.623543
0.8532
0.950282
0.646569
0.766795
0.799296
0.965869
0.750443
0.767135
0.839082
0.194593
0.764515
0.868036
0.573214
0.519455
0.932525
0.564728
0.420777
0.573103
0.682386
0.944766
0.794891
0.773942
0.593243
0.944116
0.980412
0.703339
0.530823
0.897834
0.841741
0.939526
0.235978
0.828696
0.408802
0.840545
0.855545
0.941437
0.967862
0.919739
0.952487
0.667481
0.719943
0.44263
0.998066
0.801746
0.715032
0.761586
0.502401
0.704832
0.890451
0.854749
0.796307
0.994692
0.991719
0.857516
0.819203
0.484198
0.831216
0.932794
0.995832
0.79789
0.911666
0.922632
0.939536
0.982648
0.769293
0.922096
0.70013
0.94072
0.945554
0.373362
0.910791
0.92465
0.884373
0.813044
0.760239
0.748067
0.571555
0.616123
0.838344
0.616879
0.733382
0.985242
0.71588
0.700669
0.979601
0.773191
0.986035
0.760507
0.980785
0.726347
0.915229
0.807683
0.940577
0.930999
0.391868
0.963719
0.958026
0.949004
0.825992
0.96028
0.576549
0.778857
0.819484
0.744091
0.76637
0.668595
0.744991
0.883122
0.853461
0.83765
0.812203
0.398677
0.951352
0.910839
0.377873
0.506395
0.942098
0.877028
0.506007
0.951785
0.469839
0.449905
0.909477
0.844267
0.746404
0.855811
0.95702
0.955373
0.63177
0.999995
0.997299
0.480789
0.557227
0.769357
0.528385
0.879145
0.494439
0.868835
0.925626
0.66536
0.869978
0.910345
0.767023
0.854479
0.814815
0.752407
0.59566
0.634856
0.5502
0.954894
0.577462
0.516416
0.728386
0.779599
0.951692
0.910833
0.81179
0.79682
0.815538
0.885426
0.712607
0.921708
0.832424
0.778862
0.445801
0.869705
0.557799
0.895954
0.810739
0.916265
0.925168
0.834836
0.77536
0.672705
0.746538
0.866856
0.790364
0.830465
0.782818
0.595101
0.704992
0.910852
0.97149
0.885075
0.976703
0.391468
0.869454
0.955998
0.788758
0.939628
0.475047
0.638394
0.80553
0.663499
0.964309
0.958399
0.887737
0.841245
0.986739
0.870582
0.431463
0.748534
0.538171
0.949765
0.455102
0.654402
0.597463
0.536536
0.530357
0.820662
0.170129
0.915481
0.55481
0.808527
0.75705
0.702989
0.885794
0.730387
0.890526
0.623973
0.749866
0.57827
0.89995
0.461717
0.389676
0.617534
0.514369
0.58276
0.997363
0.997486
0.938035
0.809914
0.174731
0.556709
0.686505
0.562676
0.805231
0.57336
0.0903044
0.991253
0.600115
0.888582
0.947913
0.330902
0.852968
0.932011
0.695576
0.68495
0.934218
0.794047
0.811591
0.812179
0.868727
0.863385
0.500266
0.756983
0.634497
0.996618
0.864635
0.87404
0.817002
0.728559
0.924863
0.717234
0.964333
0.787528
0.495064
0.342258
0.569763
0.592061
0.963521
0.427813
0.79382
0.375122
0.486105
0.853673
0.853449
0.998637
0.952236
0.55703
0.919162
0.772409
0.874771
0.86267
0.986316
0.730434
0.634751
0.732501
0.861407
0.934384
0.874461
0.590078
0.921923
0.472151
0.983694
0.894859
0.584853
0.59017
0.875544
0.868529
0.743858
0.644215
0.738457
0.980472
0.849601
0.977289
0.72337
0.692425
0.698181
0.516296
0.98074
0.840477
0.843423
0.588723
0.718535
0.620569
0.913118
0.764948
0.718874
0.851032
0.686535
0.904072
0.555001
0.832703
0.558491
0.64446
0.704703
0.818659
0.835802
0.797047
0.683526
0.306403
0.726308
0.843306
0.842581
0.925668
0.673264
0.805184
0.832342
0.678212
0.840316
0.823415
0.53605
0.518049
0.833795
0.389747
0.885853
0.168335
0.940626
0.617442
0.962163
0.712773
0.637129
0.790542
0.803288
0.882123
0.986681
0.664458
0.90386
0.889413
0.852163
0.417997
0.725814
0.261361
0.886416
0.639963
0.983387
0.754308
0.813216
0.864591
0.629062
0.814664
0.626719
0.897643
0.518202
0.610878
0.980899
0.86205
0.699194
0.431196
0.663117
0.876702
0.874821
0.806455
0.466982
0.734923
0.37677
0.821051
0.6788
0.708631
0.61708
0.380727
0.973876
0.894927
0.443399
0.445194
0.542509
0.747409
0.943106
0.635669
0.636239
0.545794
0.994108
0.838416
0.634256
0.429883
0.802575
0.538462
0.803939
0.453117
0.590515
0.925226
0.874508
0.502039
0.897324
0.896969
0.962539
0.587593
0.642409
0.729145
0.8657
0.899555
0.591015
0.811522
0.812915
0.364711
0.595587
0.809155
0.880691
0.777625
0.711405
0.984624
0.622772
0.757548
0.856895
0.311032
0.929064
0.693191
0.957898
0.802288
0.377186
0.654022
0.634898
0.867354
0.968046
0.89275
0.604334
0.260174
0.988212
0.400212
0.779485
0.862008
0.933917
0.873917
0.870615
0.865323
0.855697
0.601591
0.981565
0.841211
0.353051
0.926849
0.946524
0.98742
0.971095
0.343495
0.982124
0.905809
0.686656
0.353646
0.305153
0.73804
0.424085
0.735534
0.897933
0.680714
0.358991
0.734114
0.859215
0.72498
0.660045
0.988344
0.965632
0.721018
0.918477
0.849656
0.502538
0.785774
0.82229
0.891732
0.846483
0.719922
0.828968
0.248184
0.585068
0.965374
0.603031
0.519607
0.881214
0.660799
0.673379
0.364961
0.422278
0.381697
0.905394
0.946171
0.889177
0.945411
0.951209
0.625774
0.818784
0.549873
0.647063
0.972034
0.898234
0.832732
0.901849
0.611301
0.767519
0.359854
0.928744
0.737919
0.493429
0.889052
0.520301
0.816486
0.886696
0.536469
0.791306
0.0974503
0.774484
0.980417
0.896564
0.953061
0.793877
0.885706
0.716257
0.460323
0.977462
0.535739
0.471867
0.491316
0.859212
0.545117
0.882371
0.534525
0.736637
0.941233
0.792988
0.924311
0.305387
0.379485
0.761474
0.842867
0.338757
0.683339
0.797827
0.70853
0.557263
0.853259
0.473735
0.790191
0.987799
0.956828
0.697087
0.78001
0.99811
0.807259
0.754031
0.831863
0.883979
0.685578
0.938435
0.794704
0.937236
0.857118
0.384963
0.864331
0.984716
0.972517
0.815369
0.86572
0.567045
0.364158
0.615244
0.702131
0.294485
0.936902
0.563431
0.879164
0.892511
0.391134
0.704966
0.902474
0.973402
0.420968
0.219265
0.806493
0.727889
0.633335
0.821854
0.844267
0.827462
0.665654
0.955993
0.806165
0.968012
0.810566
0.892156
0.830797
0.620867
0.649981
0.724103
0.831008
0.433623
0.60345
0.948112
0.798238
0.942601
0.85595
0.974926
0.361695
0.614886
0.538972
0.492464
0.903458
0.908036
0.965816
0.511776
0.725582
0.902337
0.881277
0.438922
0.38204
0.88765
0.96973
0.980267
0.875649
0.570195
0.885081
0.877478
0.962983
0.871651
0.821001
0.911764
0.789232
0.984898
0.931964
0.705816
0.794779
0.87439
0.497919
0.949004
0.715103
0.66811
0.801489
0.864642
0.539271
0.830572
0.790932
0.987039
0.358813
0.836818
0.983716
0.926202
0.982238
0.433389
0.730471
0.813036
0.92606
0.906851
0.834744
0.94757
0.997586
0.603765
0.848835
0.892419
0.939327
0.758828
0.76927
0.685995
0.622231
0.974207
0.916904
0.747922
0.523204
0.580344
0.800243
0.484238
0.903071
0.901073
0.989366
0.870497
0.70721
0.725625
0.86359
0.912083
0.979356
0.949274
0.716012
0.904732
0.816041
0.792182
0.582156
0.714217
0.803161
0.847725
0.660401
0.566268
0.920834
0.938499
0.989909
0.581981
0.943954
0.342753
0.925984
0.870948
0.487129
0.893927
0.433001
0.72156
0.862635
0.952213
0.889211
0.828624
0.539175
0.860591
0.939903
0.475339
0.32246
0.875719
0.817755
0.421663
0.903354
0.662815
0.69262
0.719659
0.903049
0.860066
0.975889
0.363033
0.435325
0.627423
0.873565
0.635835
0.973558
0.823769
0.716352
0.762686
0.468161
0.369221
0.930363
0.528493
0.873548
0.79158
0.87237
0.923694
0.78277
0.577933
0.448442
0.777942
0.901426
0.659903
0.94011
0.346831
0.663444
0.754502
0.25126
0.611034
0.733876
0.324238
0.972041
0.76273
0.97738
0.852709
0.865527
0.927214
0.923138
0.857559
0.630195
0.992519
0.843599
0.693037
0.836082
0.84046
0.733869
0.903758
0.982006
0.607153
0.962137
0.565219
0.995042
0.828525
0.865388
0.678998
0.653121
0.81382
0.269598
0.529398
0.701619
0.569914
0.897515
0.728469
0.776017
0.119022
0.864634
0.680272
0.93776
0.964127
0.6845
0.864493
0.875657
0.84784
0.934647
0.535036
0.690557
0.758865
0.568882
0.673547
0.36425
0.54493
0.484104
0.841267
0.812952
0.946373
0.690418
0.656632
0.941838
0.626085
0.86086
0.768082
0.184481
0.887646
0.526014
0.99856
0.823564
0.314151
0.858678
0.502607
0.869716
0.890103
0.888566
0.696072
0.85677
0.949318
0.806926
0.64827
0.802554
0.488103
0.99963
0.536563
0.740219
0.534045
0.911313
0.701249
0.561662
0.888258
0.821198
0.736606
0.698189
0.858052
0.646133
0.994277
0.599858
0.782632
0.266742
0.700483
0.774369
0.917409
0.480124
0.802932
0.812648
0.900767
0.796727
0.946687
0.308153
0.560445
0.854183
0.942693
0.712278
0.794894
0.306049
0.96225
0.914304
0.682291
0.971807
0.686555
0.744995
0.81601
0.971353
0.928254
0.855087
0.990644
0.64751
0.689872
0.890484
0.39167
0.470747
0.460861
0.848078
0.891714
0.937857
0.975897
0.837012
0.793345
0.347284
0.428141
0.82475
0.492794
0.691812
0.954709
0.727546
0.817222
0.680358
0.759458
0.807179
0.820511
0.716617
0.788713
0.748994
0.794906
0.667788
0.746196
0.561824
0.88875
0.832169
0.900399
0.999822
0.804391
0.416893
0.955252
0.81843
0.767527
0.682973
0.615757
0.399739
0.672968
0.648936
0.914638
0.34707
0.704212
0.943454
0.935801
0.972994
0.687044
0.885113
0.965074
0.983175
0.978857
0.710704
0.875343
0.913931
0.51032
0.726074
0.950822
0.260591
0.935643
0.846022
0.812243
0.825609
0.481808
0.946295
0.644774
0.474282
0.991995
0.366454
0.707197
0.37761
0.99984
0.77521
0.923936
0.678982
0.897656
0.296073
0.886164
0.790212
0.813691
0.962109
0.842258
0.981553
0.707199
0.755887
0.856549
0.873723
0.605455
0.84269
0.831959
0.85148
0.985584
0.869227
0.612441
0.997024
0.924733
0.970139
0.730076
0.552747
0.927596
0.962536
0.39799
0.680675
0.640775
0.429425
0.648368
0.816294
0.840662
0.452083
0.831587
0.820515
0.887372
0.484547
0.962284
0.991489
0.729732
0.791888
0.728686
0.319396
0.466084
0.98718
0.677597
0.859872
0.900152
0.910166
0.760484
0.690427
0.546171
0.993575
0.956562
0.619068
0.612176
0.620425
0.751846
0.871007
0.956175
0.893915
0.979205
0.892032
0.803609
0.7216
0.932861
0.955709
0.90425
0.535482
0.941075
0.490444
0.860367
0.608366
0.886318
0.966294
0.900578
0.989159
0.539776
0.99422
0.83014
0.963876
0.642283
0.272769
0.63789
0.466757
0.34836
0.335609
0.542381
0.982049
0.908528
0.809632
0.289368
0.535074
0.976155
0.795358
0.729086
0.537382
0.925351
0.809362
0.481935
0.82092
0.569494
0.475735
0.686345
0.601594
0.578894
0.896903
0.886763
0.970337
0.696253
0.726877
0.756594
0.581536
0.608042
0.778473
0.644845
0.988045
0.870985
0.815768
0.824048
0.546763
0.868322
0.95313
0.684901
0.906875
0.944431
0.720515
0.822387
0.909516
0.708597
0.705115
0.82569
0.825723
0.710856
0.999425
0.544121
0.694666
0.974354
0.625141
0.638324
0.705043
0.862051
0.531306
0.58232
0.859288
0.902399
0.642783
0.550935
0.802739
0.121294
0.908516
0.868751
0.693332
0.963311
0.531872
0.885808
0.757077
0.8662
0.848747
0.800963
0.769328
0.541422
0.877223
0.598549
0.888114
0.74119
0.635704
0.894875
0.392809
0.743399
0.846387
0.606603
0.872997
0.497415
0.727299
0.93364
0.877127
0.858762
0.535038
0.968385
0.834409
0.960262
0.875848
0.944818
0.541471
0.982221
0.951794
0.872767
0.760222
0.989426
0.732111
0.652884
0.759114
0.710476
0.414771
0.551196
0.676077
0.998141
0.660879
0.746105
0.995923
0.924687
0.435413
0.789225
0.928273
0.814555
0.928017
0.390333
0.777037
0.956554
0.838979
0.504942
0.306194
0.599135
0.837337
0.582031
0.813631
0.990814
0.957032
0.867508
0.372799
0.850871
0.642128
0.878037
0.90081
0.646387
0.58051
0.717769
0.86305
0.643549
0.52382
0.788768
0.744657
0.81156
0.836068
0.865307
0.768887
0.740216
0.785378
0.943001
0.707431
0.394872
0.953686
0.447567
0.73998
0.987396
0.80388
0.878415
0.584033
0.662547
0.901996
0.678958
0.747267
0.614308
0.838402
0.535041
0.993836
0.995527
0.825769
0.882066
0.576103
0.540915
0.742221
0.670129
0.990632
0.841203
0.452694
0.895376
0.813965
0.794071
0.918546
0.969934
0.997741
0.754617
0.876429
0.97187
0.583765
0.58502
0.446927
0.74177
0.334953
0.899002
0.776017
0.98213
0.794471
0.787815
0.785567
0.839236
0.849286
0.314095
0.974061
0.95446
0.714198
0.551358
0.492243
0.857659
0.974708
0.496526
0.273078
0.919633
0.426197
0.809362
0.974513
0.394042
0.0918589
0.857873
0.798645
0.601895
0.771128
0.822917
0.798727
0.882106
0.953662
0.936875
0.998648
0.894436
0.900373
0.76088
0.896319
0.837416
0.625019
0.795226
0.238554
0.989086
0.825639
0.836853
0.634784
0.647722
0.973428
0.957653
0.968548
0.855655
0.599677
0.959244
0.846167
0.796223
0.780649
0.95817
0.76079
0.593889
0.215142
0.627086
0.577027
0.813163
0.965353
0.915742
0.735794
0.929887
0.931028
0.959804
0.920044
0.831209
0.812098
0.851266
0.9323
0.92898
0.869021
0.984911
0.820576
0.83006
0.950532
0.812335
0.55999
0.697405
0.624092
0.791774
0.458938
0.920623
0.590083
0.683145
0.533574
0.937376
0.872248
0.919114
0.62411
0.540741
0.689561
0.778084
0.482989
0.960204
0.347028
0.933358
0.211359
0.958371
0.850157
0.617684
0.567212
0.634339
0.910687
0.800249
0.983752
0.935243
0.931469
0.828636
0.746358
0.438841
0.365212
0.718175
0.785188
0.968842
0.945282
0.39761
0.874839
0.916929
0.888117
0.70803
0.592883
0.598268
0.87009
0.590033
0.709707
0.945495
0.815508
0.7741
0.826259
0.746114
0.96418
0.839945
0.821348
0.732123
0.983865
0.780544
0.556057
0.707408
0.85533
0.36216
0.866336
0.865072
0.727024
0.296815
0.944994
0.811797
0.788042
0.769009
0.953632
0.586373
0.984384
0.999019
0.654825
0.618637
0.733569
0.937915
0.853921
0.793939
0.584289
0.997653
0.860767
0.893933
0.892361
0.432814
0.537184
0.803909
0.966295
0.695143
0.934133
0.969635
0.860685
0.990256
0.44185
0.925622
0.695831
0.895594
0.314149
0.904314
0.532784
0.423119
0.703122
0.538354
0.379355
0.775041
0.821958
0.985137
0.94861
0.906831
0.990138
0.444171
0.920093
0.969431
0.191301
0.858882
0.987694
0.617774
0.656677
0.759215
0.881061
0.774372
0.714157
0.298093
0.660859
0.991521
0.489537
0.901601
0.910534
0.986983
0.778656
0.663479
0.336371
0.35158
0.870578
0.661514
0.90003
0.405818
0.407592
0.864414
0.783484
0.777047
0.89764
0.731822
0.823662
0.371057
0.731668
0.864197
0.978022
0.636133
0.519701
0.814606
0.756903
0.819028
0.342792
0.725828
0.99801
0.590971
0.78184
0.602726
0.727167
0.939027
0.840295
0.753989
0.891106
0.925761
0.969462
0.487059
0.893701
0.797452
0.93414
0.990208
0.89686
0.799135
0.814511
0.925705
0.62209
0.573617
0.953024
0.543837
0.895534
0.994474
0.705593
0.126392
0.853614
0.605238
0.455681
0.684312
0.865791
0.787573
0.567186
0.981836
0.936643
0.536777
0.348922
0.701171
0.882767
0.885641
0.277392
0.953623
0.893595
0.999155
0.782769
0.788894
0.969773
0.545877
0.4585
0.693246
0.238037
0.837774
0.952668
0.726476
0.545768
0.761022
0.526132
0.734832
0.849012
0.627556
0.334936
0.970542
0.862985
0.819741
0.805331
0.967225
0.777814
0.876673
0.973345
0.888317
0.702905
0.636781
0.96679
0.493212
0.681428
0.861954
0.348729
0.829397
0.842401
0.784568
0.812589
0.872324
0.602923
0.424194
0.838875
0.943053
0.901158
0.916021
0.871342
0.900332
0.869463
0.709839
0.911864
0.988845
0.944834
0.825543
0.853206
0.63275
0.733219
0.919079
0.942048
0.972652
0.709592
0.672545
0.92618
0.735775
0.497166
0.895008
0.651269
0.934408
0.403397
0.768362
0.656106
0.869938
0.999181
0.281318
0.973315
0.973932
0.738095
0.718544
0.492618
0.515791
0.710037
0.961261
0.767489
0.679749
0.430057
0.828955
0.474712
0.848634
0.573217
0.766756
0.839615
0.89153
0.233916
0.207929
0.574383
0.789279
0.836666
0.414888
0.768986
0.980378
0.803177
0.473861
0.881675
0.783447
0.420597
0.532395
0.533686
0.680214
0.854054
0.669946
0.919358
0.941621
0.883911
0.970886
0.972746
0.53753
0.603776
0.492322
0.878911
0.994219
0.930812
0.943881
0.744594
0.48461
0.199713
0.755942
0.735624
0.521553
0.946565
0.390733
0.641678
0.679044
0.750327
0.898421
0.952376
0.585587
0.574649
0.728046
0.57307
0.6645
0.810922
0.923363
0.959966
0.84264
0.809541
0.942514
0.489374
0.49152
0.656549
0.805419
0.832058
0.747787
0.812079
0.835442
0.847837
0.659577
0.969658
0.758588
0.899807
0.883955
0.85872
0.669916
0.783693
0.936571
0.90745
0.89981
0.402485
0.839567
0.477154
0.89912
0.640972
0.86377
0.894299
0.918843
0.623515
0.763663
0.686491
0.941394
0.548827
0.629438
0.804599
0.874077
0.699211
0.26772
0.681269
0.79528
0.35961
0.654643
0.502022
0.576617
0.776608
0.608595
0.489471
0.878811
0.868346
0.934969
0.982765
0.487426
0.986249
0.876366
0.818364
0.880663
0.730068
0.797241
0.772375
0.85935
0.961031
0.900492
0.974769
0.513281
0.906276
0.623016
0.880518
0.894778
0.508765
0.779857
0.692439
0.622242
0.349649
0.995791
0.943992
0.653275
0.247695
0.90034
0.982779
0.403135
0.745786
0.449008
0.890223
0.855618
0.876303
0.212705
0.944349
0.509164
0.927837
0.900356
0.952639
0.505585
0.786396
0.961508
0.572293
0.362006
0.457356
0.96764
0.823193
0.446312
0.976757
0.690172
0.845352
0.899904
0.969932
0.962271
0.940648
0.494511
0.47562
0.708843
0.787933
0.457979
0.797251
0.816842
0.493763
0.776322
0.980552
0.938609
0.953734
0.6786
0.687645
0.462289
0.38621
0.433082
0.65168
0.753244
0.613127
0.993355
0.735578
0.972766
0.408199
0.491297
0.717472
0.563142
0.91556
0.921738
0.94415
0.986532
0.897323
0.84474
0.671495
0.978983
0.448282
0.963144
0.824151
0.962381
0.687181
0.704306
0.79273
0.824732
0.780579
0.617282
0.685982
0.576348
0.867231
0.977081
0.556571
0.664495
0.989216
0.71664
0.80884
0.589335
0.892096
0.528764
0.841319
0.806164
0.9169
0.868768
0.714823
0.980603
0.886661
0.949579
0.948899
0.899951
0.554044
0.926561
0.451762
0.807247
0.868173
0.608927
0.93368
0.524409
0.990548
0.37201
0.589462
0.843925
0.646454
0.240841
0.460998
0.661953
0.612853
0.608013
0.213508
0.851639
0.82808
0.649085
0.773471
0.783204
0.780406
0.412218
0.403088
0.997465
0.824019
0.894636
0.855007
0.548123
0.56098
0.720442
0.953031
0.767947
0.634635
0.588302
0.987504
0.997785
0.979356
0.91445
0.63753
0.708195
0.909268
0.798512
0.937013
0.497297
0.505504
0.580402
0.989198
0.28038
0.845795
0.506729
0.876081
0.956014
0.887904
0.868391
0.877201
0.806451
0.816114
0.857013
0.787781
0.217221
0.854064
0.86669
0.282717
0.64125
0.940623
0.980983
0.885986
0.770854
0.826331
0.984524
0.922608
0.899856
0.853505
0.701625
0.430287
0.38753
0.7925
0.625287
0.978737
0.764637
0.931674
0.920047
0.55317
0.660625
0.643428
0.643431
0.784203
0.765653
0.363363
0.454277
0.886598
0.603605
0.737397
0.857353
0.915217
0.608203
0.667449
0.660488
0.967802
0.969489
0.459714
0.541288
0.756083
0.188156
0.697277
0.593262
0.46558
0.87404
0.814616
0.603436
0.968392
0.791859
0.897633
0.339058
0.996217
0.438041
0.805242
0.907129
0.338506
0.920726
0.56675
0.878568
0.708625
0.909787
0.579086
0.823702
0.928058
0.735672
0.988516
0.753495
0.816111
0.987722
0.967771
0.437624
0.9119
0.924837
0.842123
0.232681
0.854662
0.943573
0.904842
0.982105
0.831072
0.915695
0.760374
0.955871
0.787582
0.970379
0.592241
0.517918
0.996654
0.697341
0.416165
0.845147
0.912245
0.926535
0.545841
0.501556
0.945819
0.674356
0.290186
0.903545
0.913488
0.613363
0.321228
0.535661
0.870999
0.76963
0.695924
0.56095
0.724156
0.992353
0.873661
0.80745
0.53667
0.681353
0.440162
0.922471
0.654473
0.687106
0.706804
0.895024
0.768762
0.78615
0.983609
0.838029
0.503682
0.979109
0.488914
0.613429
0.527529
0.963798
0.629244
0.387262
0.708238
0.362056
0.959565
0.892275
0.735646
0.783255
0.770726
0.801427
0.893929
0.832483
0.794463
0.916747
0.936608
0.638489
0.916453
0.901586
0.862929
0.811063
0.835138
0.996599
0.769545
0.782088
0.776493
0.956336
0.842261
0.299253
0.868843
0.848903
0.982412
0.52764
0.876542
0.705597
0.858963
0.406064
0.827509
0.758964
0.897697
0.461937
0.555942
0.431271
0.916551
0.999529
0.866529
0.915026
0.840878
0.635352
0.744533
0.53021
0.660402
0.669643
0.580147
0.261852
0.653763
0.814264
0.633292
0.410632
0.657413
0.512907
0.70442
0.896784
0.824208
0.333461
0.886216
0.763387
0.985503
0.989057
0.711914
0.981717
0.988079
0.941961
0.87459
0.938904
0.982607
0.846225
0.996707
0.836133
0.708992
0.978263
0.933699
0.862426
0.968369
0.829701
0.845748
0.756833
0.986307
0.629525
0.626201
0.700934
0.348315
0.999125
0.796199
0.196978
0.901683
0.870235
0.94196
0.416822
0.778207
0.916599
0.68018
0.601658
0.745442
0.668722
0.863885
0.944711
0.848711
0.937362
0.968674
0.538588
0.969314
0.790259
0.801982
0.994865
0.952246
0.796311
0.976347
0.771847
0.990328
0.921272
0.642708
0.958082
0.915206
0.898504
0.608358
0.813548
0.694839
0.458652
0.878292
0.672842
0.291416
0.121609
0.758116
0.870345
0.873359
0.914194
0.215231
0.98175
0.881721
0.907264
0.833601
0.794333
0.619541
0.562153
0.916177
0.819173
0.677902
0.535073
0.713673
0.914822
0.793287
0.835447
0.899027
0.894907
0.969834
0.863539
0.327302
0.520031
0.990386
0.749728
0.555828
0.50575
0.817624
0.797388
0.909591
0.916492
0.985628
0.614367
0.943337
0.844962
0.858612
0.190015
0.56195
0.785862
0.955957
0.994028
0.984255
0.52121
0.881531
0.958542
0.872578
0.757912
0.433673
0.855424
0.572557
0.998125
0.624956
0.913769
0.93957
0.651184
0.46554
0.918196
0.686131
0.557125
0.40597
0.855662
0.459878
0.989506
0.979069
0.884125
0.547616
0.826803
0.839843
0.913987
0.647951
0.895644
0.69339
0.750336
0.740605
0.965926
0.783439
0.659435
0.886283
0.942801
0.950159
0.651712
0.973463
0.590036
0.925893
0.419024
0.979461
0.826384
0.917314
0.593239
0.995358
0.77963
0.984911
0.800129
0.617788
0.869769
0.790542
0.994518
0.937709
0.494139
0.397163
0.865647
0.955508
0.856451
0.947293
0.236406
0.621123
0.68474
0.844685
0.692327
0.165981
0.588526
0.878427
0.823901
0.785313
0.395659
0.807859
0.950417
0.740708
0.49571
0.965351
0.936842
0.956406
0.974585
0.554195
0.771745
0.916542
0.821935
0.770206
0.862889
0.637986
0.34827
0.728193
0.687743
0.917387
0.878721
0.95818
0.995398
0.631838
0.696609
0.86621
0.54916
0.700795
0.75276
0.823947
0.899889
0.827229
0.9657
0.55943
0.580951
0.26811
0.89207
0.894243
0.971411
0.258045
0.275508
0.904644
0.932853
0.843013
0.681035
0.408326
0.625557
0.75882
0.694389
0.962464
0.858097
0.92786
0.352836
0.84697
0.554758
0.998304
0.422083
0.70193
0.935479
0.964047
0.910508
0.95246
0.605384
0.709802
0.683263
0.281621
0.987016
0.50415
0.580655
0.662334
0.864187
0.584696
0.818153
0.754033
0.725034
0.970934
0.914662
0.683078
0.760533
0.879246
0.947566
0.543477
0.921078
0.881783
0.486431
0.86199
0.375689
0.972205
0.871124
0.810857
0.996049
0.899021
0.970694
0.909037
0.602923
0.529783
0.98199
0.822644
0.550015
0.703961
0.879838
0.849334
0.704749
0.770858
0.535496
0.991798
0.802945
0.538648
0.942964
0.327606
0.920021
0.963843
0.429688
0.605206
0.715529
0.590898
0.512169
0.794707
0.977186
0.901962
0.971978
0.963324
0.85516
0.779741
0.677473
0.565584
0.50624
0.863663
0.295335
0.499312
0.679205
0.790599
0.850959
0.518348
0.99626
0.977765
0.440371
0.727317
0.892966
0.685793
0.769138
0.460574
0.530479
0.701701
0.841092
0.794504
0.862464
0.975997
0.815775
0.957777
0.952754
0.940388
0.837544
0.97995
0.955781
0.743152
0.928613
0.895391
0.990436
0.77468
0.753302
0.80262
0.579811
0.827958
0.973615
0.618546
0.858891
0.776571
0.38812
0.826705
0.675125
0.87179
0.823537
0.970528
0.960487
0.575073
0.744875
0.954515
0.637449
0.656231
0.801286
0.954919
0.895821
0.982759
0.947976
0.59347
0.820355
0.785893
0.556844
0.773396
0.79174
0.78599
0.422063
0.776613
0.457674
0.891696
0.869806
0.668674
0.355619
0.351341
0.770692
0.39273
0.608963
0.738956
0.899678
0.576148
0.56514
0.677919
0.705816
0.846888
0.978333
0.628212
0.895194
0.163952
0.872598
0.862405
0.991183
0.886465
0.777451
0.951047
0.645334
0.821584
0.614971
0.640684
0.867217
0.963248
0.874627
0.940072
0.977899
0.806075
0.970038
0.794924
0.159631
0.80534
0.679932
0.670569
0.945719
0.987705
0.799254
0.690289
0.660157
0.508206
0.966446
0.974208
0.573082
0.844686
0.931096
0.769798
0.89483
0.72553
0.859354
0.954973
0.273756
0.758542
0.934396
0.852091
0.941601
0.972081
0.971156
0.718309
0.638112
0.498139
0.999542
0.740213
0.517183
0.91833
0.603396
0.555268
0.609895
0.803236
0.686037
0.399981
0.592922
0.985616
0.839209
0.750312
0.710323
0.477022
0.770321
0.840698
0.878647
0.461329
0.976357
0.90395
0.90509
0.597045
0.977947
0.47622
0.85306
0.851514
0.88683
0.740279
0.542229
0.86165
0.940219
0.947598
0.895139
0.750993
0.823094
0.552338
0.483874
0.557263
0.759856
0.935455
0.419758
0.604249
0.972311
0.606859
0.695408
0.563581
0.837842
0.732314
0.797187
0.84641
0.856069
0.866869
0.942527
0.766517
0.759253
0.55385
0.577346
0.933879
0.860025
0.966371
0.446521
0.9153
0.891019
0.973778
0.947041
0.651702
0.582557
0.977672
0.471743
0.819288
0.934269
0.690743
0.621101
0.805528
0.673826
0.764225
0.942475
0.863582
0.864851
0.16251
0.640461
0.965784
0.489202
0.955631
0.905733
0.412938
0.867821
0.883374
0.944467
0.430411
0.765402
0.946975
0.972803
0.25596
0.875083
0.952442
0.793944
0.806381
0.773167
0.771397
0.382472
0.88221
0.495525
0.731699
0.710564
0.54702
0.935536
0.80439
0.994826
0.87337
0.989735
0.881276
0.75225
0.551227
0.807109
0.820939
0.342298
0.405025
0.589571
0.69259
0.908527
0.61732
0.907995
0.733738
0.739567
0.452149
0.998057
0.77263
0.828511
0.512453
0.697317
0.282768
0.712291
0.649178
0.936016
0.774144
0.94936
0.992892
0.439881
0.28898
0.644899
0.787256
0.97284
0.990431
0.499158
0.994921
0.483951
0.744348
0.695668
0.911276
0.564332
0.56898
0.819511
0.934475
0.966694
0.807779
0.821048
0.442512
0.979941
0.730024
0.913535
0.833594
0.443645
0.623328
0.880808
0.723184
0.411368
0.630029
0.622043
0.466927
0.413714
0.659984
0.866154
0.6798
0.756809
0.516915
0.942381
0.162256
0.3742
0.90657
0.966817
0.854185
0.955608
0.461185
0.752602
0.54596
0.70372
0.766363
0.585228
0.912806
0.708301
0.843317
0.804883
0.691871
0.763466
0.860549
0.91821
0.443719
0.781212
0.898788
0.924622
0.85353
0.788158
0.886526
0.903821
0.678609
0.377644
0.462568
0.913956
0.979061
0.672271
0.937523
0.570219
0.998034
0.860038
0.741138
0.753294
0.679988
0.871596
0.887282
0.37955
0.538676
0.656021
0.51961
0.874793
0.948304
0.629296
0.774319
0.768191
0.6755
0.879576
0.995249
0.611077
0.329969
0.855093
0.657357
0.96039
0.209076
0.393772
0.953505
0.752959
0.848954
0.93777
0.642952
0.754607
0.648307
0.704421
0.98855
0.989296
0.962981
0.987148
0.968382
0.690062
0.914966
0.787306
0.80833
0.943474
0.901238
0.611898
0.642011
0.896843
0.988445
